代码	名称	涨幅%%	现价	涨跌	买价	卖价	总量	现量	涨速%%	换手%%	今开	最高	最低	昨收	市盈(动)	总金额	量比	细分行业	地区	振幅%%	均价	内盘	外盘	内外比	买量	卖量	未匹配量	流通股本	
="000710"	天兴仪表	10.04	12.38	1.13	12.38	--  	50796	144	          0.00	          3.36	11.16	12.38	11.16	11.25	--  	60819900	  2.02	汽车配件	四川	10.84	11.97	24105	26691	  0.90	5747	0	--  	      15120.00	
="000980"	金马股份	10.03	6.58	0.60	6.58	--  	258140	547	          0.00	          8.14	6.18	6.58	6.18	5.98	    53.66	169233648	  1.55	电器仪表	安徽	 6.69	6.56	201450	56690	  3.55	36563	0	--  	      31700.00	
="600510"	黑牡丹	7.77	6.80	0.49	6.79	6.80	276246	58	         -0.14	          3.47	6.32	6.94	6.32	6.31	    15.09	186987216	  3.45	全国地产	江苏	 9.83	6.77	127544	148702	  0.86	23	434	--  	      79552.27	
="002273"	水晶光电	7.63	22.86	1.62	22.85	22.86	322106	3027	         -0.17	          9.46	21.25	23.10	21.25	21.24	    53.72	717115520	  1.36	元器件	浙江	 8.71	22.26	124577	197529	  0.63	612	44	--  	      34044.39	
="600980"	北矿磁材	7.37	16.75	1.15	16.56	16.58	88126	1	          1.33	          6.78	15.57	17.16	15.48	15.60	   588.55	144033376	  3.56	元器件	北京	10.77	16.34	38581	49545	  0.78	3	3	--  	      13000.00	
="000881"	大连国际	6.91	7.27	0.47	7.27	7.28	153720	1922	         -0.13	          4.99	6.80	7.29	6.80	6.80	    22.46	110067576	  2.55	综合类	辽宁	 7.21	7.16	53908	99812	  0.54	95	2370	--  	      30796.41	
="000768"	中航飞机	6.89	12.87	0.83	12.86	12.87	492061	22840	          0.31	          2.10	12.08	12.87	12.04	12.04	--  	619374016	  1.66	航空航天	陕西	 6.89	12.59	198274	293787	  0.67	5596	778	--  	     233980.20	
="000859"	国风塑业	6.83	5.94	0.38	5.94	5.95	139755	1780	          0.50	          3.32	5.56	6.05	5.51	5.56	--  	81426240	  1.32	塑料	安徽	 9.71	5.83	57163	82592	  0.69	484	858	--  	      42047.89	
="600039"	四川路桥	6.32	6.90	0.41	6.88	6.89	315087	16	          0.14	          5.76	6.45	6.94	6.45	6.49	    35.55	211779712	  1.82	建筑施工	四川	 7.55	6.72	122113	192974	  0.63	1054	42	--  	      54720.00	
="002417"	三元达	6.27	9.49	0.56	9.49	9.50	126932	2355	          0.42	          6.25	8.84	9.59	8.84	8.93	--  	117929016	  1.63	通信设备	福建	 8.40	9.29	54392	72540	  0.75	1390	2328	--  	      20319.25	
="000738"	中航动控	6.10	16.36	0.94	16.36	16.37	358538	3712	         -0.12	          3.80	15.18	16.95	15.15	15.42	    93.58	581935744	  2.13	航空航天	湖南	11.67	16.23	166041	192497	  0.86	955	747	--  	      94283.85	
="000803"	金宇车城	5.96	12.63	0.71	12.63	12.64	29473	835	          0.00	          3.27	11.92	12.67	11.91	11.92	   531.76	36714492	  1.66	纺织	四川	 6.38	12.46	13303	16170	  0.82	647	150	--  	       9026.92	
="600682"	南京新百	5.93	13.03	0.73	12.97	13.00	70204	48	          0.07	          1.96	12.30	13.29	12.15	12.30	    19.36	88972448	  2.76	百货	江苏	 9.27	12.67	26097	44107	  0.59	3	21	--  	      35782.51	
="600184"	光电股份	5.37	28.45	1.45	28.44	28.45	37167	8	         -0.03	          3.16	27.00	28.79	27.00	27.00	   215.11	104877008	  1.89	玻璃	湖北	 6.63	28.22	13115	24052	  0.55	2	132	--  	      11765.11	
="002572"	索菲亚	5.10	18.75	0.91	18.73	18.75	18286	656	         -0.53	          0.73	17.84	19.10	17.75	17.84	    43.18	33695160	  1.21	家居用品	广东	 7.57	18.43	7650	10636	  0.72	13	101	--  	      25138.69	
="002291"	星期六	5.05	7.49	0.36	7.49	7.50	225062	2240	          0.67	          6.19	7.15	7.84	7.02	7.13	    40.83	167936592	  4.64	服饰	广东	11.50	7.46	101438	123624	  0.82	4	1961	--  	      36335.00	
="002368"	太极股份	4.95	40.72	1.92	40.71	40.72	19710	464	          0.79	          0.86	38.79	40.72	38.58	38.80	    86.22	78361032	  1.14	软件服务	北京	 5.52	39.76	6932	12778	  0.54	1	261	--  	      22807.86	
="000418"	小天鹅Ａ	4.90	11.78	0.55	11.77	11.78	29016	835	          0.08	          0.66	11.23	11.79	11.23	11.23	    11.78	33574456	  0.71	家用电器	江苏	 4.99	11.57	12609	16407	  0.77	358	45	--  	      43776.10	
="600990"	四创电子	4.73	35.41	1.60	35.36	35.42	49491	14	         -0.22	          3.62	33.99	36.58	33.99	33.81	   287.57	175018944	  1.51	通信设备	安徽	 7.66	35.36	21869	27622	  0.79	23	629	--  	      13670.20	
="600503"	华丽家族	4.72	5.32	0.24	5.31	5.32	576072	684	          0.18	          5.24	5.05	5.40	5.05	5.08	  3225.40	302799008	  0.91	区域地产	上海	 6.89	5.26	236748	339324	  0.70	1514	993	--  	     109947.67	
="601188"	龙江交通	4.68	3.13	0.14	3.12	3.13	202428	19	         -0.31	          1.67	2.99	3.17	2.98	2.99	     9.57	63035192	  0.83	路桥	黑龙江	 6.35	3.11	85898	116530	  0.74	1420	848	--  	     121320.00	
="600193"	创兴资源	4.46	7.50	0.32	7.51	7.52	76909	130	         -0.39	          1.81	7.19	7.56	7.10	7.18	--  	56272168	  0.71	普钢	上海	 6.41	7.32	36170	40739	  0.89	355	260	--  	      42537.30	
="600854"	春兰股份	4.46	5.86	0.25	5.85	5.86	200666	132	          0.17	          3.86	5.62	5.87	5.57	5.61	    43.72	114837376	  1.33	家用电器	江苏	 5.35	5.72	63117	137549	  0.46	720	105	--  	      51945.85	
="600960"	渤海活塞	4.45	11.98	0.51	11.97	11.98	41543	5	          0.33	          1.96	11.45	11.98	11.40	11.47	    24.84	48994300	  1.40	汽车配件	山东	 5.06	11.79	14638	26905	  0.54	133	575	--  	      21167.05	
="002013"	中航机电	4.33	18.08	0.75	18.07	18.08	149861	1896	         -0.05	          5.12	17.70	18.68	17.60	17.33	    35.53	270725472	  1.34	汽车配件	湖北	 6.23	18.06	70812	79049	  0.90	267	369	--  	      29285.81	
="600365"	通葡股份	4.28	9.99	0.41	9.98	10.00	49060	13	         -0.19	          3.50	9.58	10.04	9.53	9.58	   663.61	48329640	  1.89	红黄药酒	吉林	 5.32	9.85	18932	30128	  0.63	82	82	--  	      14000.00	
="300183"	东软载波	4.22	45.43	1.84	45.43	45.48	24287	198	         -0.78	          1.92	43.84	45.79	43.57	43.59	    50.67	108460984	  1.35	软件服务	山东	 5.09	44.66	9276	15011	  0.62	84	1	--  	      12617.49	
="002448"	中原内配	4.18	13.96	0.56	13.95	13.96	54355	1184	          0.14	          3.03	13.40	13.98	13.40	13.40	    17.45	74920576	  0.75	运输设备	河南	 4.33	13.78	20316	34039	  0.60	259	85	--  	      17946.90	
="000596"	古井贡酒	4.12	25.26	1.00	25.22	25.26	52640	937	          0.07	          1.37	24.26	25.50	24.05	24.26	    17.78	131805384	  1.54	白酒	安徽	 5.98	25.04	21050	31590	  0.67	103	299	--  	      38359.91	
="600091"	ST明科	4.03	6.19	0.24	6.18	6.19	35025	120	          0.16	          1.04	5.95	6.20	5.95	5.95	--  	21437516	  1.23	化工原料	内蒙	 4.20	6.12	13412	21613	  0.62	98	565	--  	      33652.60	
="600391"	成发科技	4.02	17.34	0.67	17.34	17.35	247408	51	          0.17	          7.49	16.75	17.45	16.60	16.67	 43764.86	424221312	  1.36	航空航天	四川	 5.10	17.15	112511	134897	  0.83	1	444	--  	      33012.94	
="002650"	加加食品	3.99	10.69	0.41	10.69	10.70	70894	559	          0.37	          3.16	10.26	10.77	10.22	10.28	    30.21	74773912	  0.86	食品	湖南	 5.35	10.55	30060	40834	  0.74	272	735	--  	      22439.23	
="000657"	中钨高新	3.98	14.36	0.55	14.36	14.38	39007	425	         -0.20	          2.71	13.80	14.40	13.68	13.81	--  	54735712	  0.95	小金属	海南	 5.21	14.03	21004	18003	  1.17	15	67	--  	      14405.07	
="600232"	金鹰股份	3.96	5.77	0.22	5.76	5.77	148910	1	          0.00	          4.08	5.51	5.88	5.51	5.55	   100.40	85828832	  1.94	纺织	浙江	 6.67	5.76	62061	86849	  0.71	17	850	--  	      36471.85	
="600900"	长江电力	3.91	7.45	0.28	7.45	7.46	228772	140	          0.13	          0.23	7.20	7.47	7.19	7.17	    48.31	168936832	  0.91	水力发电	北京	 3.91	7.38	76178	152594	  0.50	1486	2532	--  	     974594.13	
="000955"	欣龙控股	3.83	4.88	0.18	4.88	4.89	75292	307	         -0.20	          1.51	4.69	4.93	4.69	4.70	--  	36399364	  1.63	纺织	海南	 5.11	4.83	26646	48646	  0.55	584	109	--  	      49939.50	
="600573"	惠泉啤酒	3.76	7.73	0.28	7.72	7.73	42964	128	          0.25	          1.72	7.45	7.75	7.41	7.45	   139.32	32488106	  0.52	啤酒	福建	 4.56	7.56	20212	22752	  0.89	47	43	--  	      25000.00	
="000519"	江南红箭	3.70	15.12	0.54	15.12	15.13	80368	945	          0.13	          4.22	14.51	15.17	14.51	14.58	    29.08	120258920	  0.95	机械基件	湖南	 4.53	14.96	35014	45354	  0.77	524	464	--  	      19039.75	
="002450"	康得新	3.67	27.94	0.99	27.92	27.94	82316	872	          0.07	          0.87	26.97	28.04	26.81	26.95	    29.28	227154448	  0.97	化工原料	江苏	 4.56	27.60	36844	45472	  0.81	82	393	--  	      94531.45	
="600288"	大恒科技	3.65	10.78	0.38	10.78	10.79	289484	21	         -0.18	          6.63	10.40	10.97	10.38	10.40	   854.79	311525984	  1.58	通信设备	北京	 5.67	10.76	134007	155477	  0.86	60	786	--  	      43680.00	
="002544"	杰赛科技	3.65	11.65	0.41	11.65	11.66	110783	688	          0.17	          2.19	11.16	11.90	11.16	11.24	   105.58	128794104	  1.16	软件服务	广东	 6.58	11.63	46225	64558	  0.72	281	362	--  	      50635.66	
="600183"	生益科技	3.60	7.19	0.25	7.19	7.20	161248	50	          0.00	          1.13	6.94	7.20	6.93	6.94	    18.21	114825184	  1.43	元器件	广东	 3.89	7.12	48249	112999	  0.43	115	3945	--  	     142301.81	
="002492"	恒基达鑫	3.60	11.22	0.39	11.22	11.23	19128	936	          0.35	          0.81	10.83	11.22	10.62	10.83	    56.52	21164448	  0.65	仓储物流	广东	 5.54	11.06	7475	11653	  0.64	8	12	--  	      23550.00	
="600150"	中国船舶	3.54	23.98	0.82	23.98	23.99	151735	53	          0.25	          1.10	23.10	24.00	23.08	23.16	   298.57	360460320	  1.69	船舶	上海	 3.97	23.76	59146	92589	  0.64	210	50	--  	     137811.77	
="002045"	国光电器	3.49	6.53	0.22	6.51	6.53	54830	828	          0.46	          1.52	6.32	6.53	6.30	6.31	    65.29	35106900	  0.98	元器件	广东	 3.65	6.40	19680	35150	  0.56	365	768	--  	      35962.26	
="300015"	爱尔眼科	3.41	26.40	0.87	26.40	26.41	23702	384	         -0.07	          0.45	25.53	26.44	25.51	25.53	    59.86	61730208	  0.70	医疗保健	湖南	 3.64	26.04	10363	13339	  0.78	160	18	--  	      52327.30	
="600815"	厦工股份	3.40	4.86	0.16	4.84	4.85	85739	100	          1.24	          0.91	4.68	4.89	4.66	4.70	    49.34	40776620	  0.52	工程机械	福建	 4.89	4.76	28338	57401	  0.49	22	398	--  	      93970.96	
="002141"	蓉胜超微	3.40	10.94	0.36	10.94	10.95	28573	402	          0.00	          1.57	10.44	10.95	10.44	10.58	  2981.50	30854206	  1.05	元器件	广东	 4.82	10.80	11027	17546	  0.63	695	344	--  	      18188.80	
="600866"	星湖科技	3.28	6.92	0.22	6.91	6.93	99695	45	          0.00	          1.81	6.66	6.97	6.63	6.70	--  	68398720	  1.03	食品	广东	 5.07	6.86	38920	60775	  0.64	70	714	--  	      55039.35	
="002540"	亚太科技	3.25	13.65	0.43	13.64	13.65	44797	494	         -0.14	          1.78	13.28	13.70	13.28	13.22	    30.23	60572480	  0.42	铝	江苏	 3.18	13.52	20701	24096	  0.86	99	289	--  	      25167.34	
="002426"	胜利精密	3.25	10.16	0.32	10.16	10.17	100472	1006	          0.09	          2.85	10.00	10.40	9.99	9.84	    62.19	102744408	  1.01	元器件	江苏	 4.17	10.23	43649	56823	  0.77	105	90	--  	      35306.58	
="002645"	华宏科技	3.22	15.05	0.47	15.03	15.05	15961	416	          0.26	          3.72	14.61	15.05	14.60	14.58	   127.42	23742216	  0.74	专用机械	江苏	 3.09	14.87	5075	10886	  0.47	10	33	--  	       4286.87	
="600495"	晋西车轴	3.19	11.65	0.36	11.65	11.66	424666	1010	          0.17	          6.93	11.33	11.80	11.30	11.29	    96.46	493864416	  2.15	运输设备	山西	 4.43	11.63	180986	243680	  0.74	208	1290	--  	      61295.60	
="002062"	宏润建设	3.15	4.91	0.15	4.90	4.91	62514	1186	          0.00	          0.95	4.77	4.91	4.74	4.76	    20.47	30308032	  0.86	建筑施工	浙江	 3.57	4.85	24332	38182	  0.64	126	1464	--  	      65617.60	
="600833"	第一医药	3.14	12.16	0.37	12.15	12.16	47079	60	          0.49	          2.11	11.84	12.27	11.79	11.79	    65.77	57016896	  1.03	医药连锁	上海	 4.07	12.11	21423	25656	  0.84	23	127	--  	      22308.63	
="600178"	*ST东安	3.13	5.27	0.16	5.27	5.28	19430	9	         -0.56	          0.42	5.10	5.33	5.09	5.11	--  	10127838	  0.58	汽车整车	黑龙江	 4.70	5.21	8405	11025	  0.76	11	18	--  	      46208.00	
="000676"	思达高科	3.04	5.77	0.17	5.76	5.77	28431	364	          0.34	          0.91	5.61	5.77	5.56	5.60	--  	16191243	  0.77	电器仪表	河南	 3.75	5.69	13202	15229	  0.87	70	637	--  	      31400.86	
="600984"	建设机械	2.94	7.00	0.20	6.99	7.00	26620	25	          0.00	          1.88	6.80	7.03	6.78	6.80	--  	18387064	  1.21	工程机械	陕西	 3.68	6.91	12559	14061	  0.89	165	26	--  	      14155.59	
="002159"	三特索道	2.93	21.80	0.62	21.61	21.80	10170	230	          0.97	          0.85	21.12	21.88	21.05	21.18	--  	21698402	  0.80	旅游景点	湖北	 3.92	21.33	4676	5494	  0.85	1	62	--  	      11986.75	
="002637"	赞宇科技	2.90	15.95	0.45	15.94	15.95	34825	681	          0.12	          3.61	15.55	16.05	15.30	15.50	    39.72	54767328	  0.90	日用化工	浙江	 4.84	15.73	13780	21045	  0.65	10	580	--  	       9650.91	
="000959"	首钢股份	2.89	3.20	0.09	3.20	3.21	128767	1858	         -0.31	          1.07	3.15	3.24	3.12	3.11	   904.17	40650600	  0.98	普钢	北京	 3.86	3.16	46691	82076	  0.57	7150	4438	--  	     120615.02	
="002177"	御银股份	2.87	6.09	0.17	6.09	6.10	199555	1929	          0.00	          3.67	5.90	6.16	5.86	5.92	    31.78	120876352	  1.02	电脑设备	广东	 5.07	6.06	77706	121849	  0.64	98	4720	--  	      54339.60	
="000838"	国兴地产	2.85	8.67	0.24	8.67	8.70	36184	107	         -0.45	          2.22	8.40	8.77	8.40	8.43	    15.77	31379444	  1.44	区域地产	北京	 4.39	8.67	11576	24608	  0.47	1853	100	--  	      16289.96	
="600095"	哈高科	2.82	5.83	0.16	5.83	5.84	87260	50	          0.17	          2.42	5.70	5.85	5.69	5.67	--  	50518696	  0.98	食品	黑龙江	 2.82	5.79	37080	50180	  0.74	96	1157	--  	      36126.35	
="000411"	英特集团	2.82	13.13	0.36	13.13	13.14	16187	408	          0.30	          0.79	12.65	13.18	12.61	12.77	    41.20	20876186	  0.67	医药连锁	浙江	 4.46	12.90	7440	8747	  0.85	347	45	--  	      20363.83	
="601872"	招商轮船	2.80	2.94	0.08	2.94	2.95	118040	116	          0.00	          0.31	2.87	2.95	2.87	2.86	    27.37	34467996	  0.91	水运	上海	 2.80	2.92	42852	75188	  0.57	1321	1769	--  	     377673.75	
="600105"	永鼎股份	2.79	8.11	0.22	8.11	8.12	46029	6	          0.12	          1.21	7.89	8.12	7.89	7.89	    14.09	36836496	  0.78	通信设备	江苏	 2.92	8.00	18643	27386	  0.68	232	829	--  	      38095.46	
="600520"	中发科技	2.76	12.29	0.33	12.26	12.29	18193	118	          0.08	          1.61	11.90	12.31	11.90	11.96	--  	22073250	  0.55	机械基件	安徽	 3.43	12.13	9329	8864	  1.05	72	36	--  	      11304.00	
="600356"	恒丰纸业	2.73	6.78	0.18	6.77	6.78	24797	35	          0.14	          0.98	6.60	6.79	6.56	6.60	    32.77	16598502	  1.10	造纸	黑龙江	 3.48	6.69	7811	16986	  0.46	205	31	--  	      25233.03	
="600462"	石岘纸业	2.71	6.81	0.18	6.79	6.83	37565	44	          0.00	          0.70	6.64	6.93	6.64	6.63	   897.76	25751288	  0.72	造纸	吉林	 4.37	6.86	12795	24770	  0.52	132	340	--  	      53378.00	
="002608"	舜天船舶	2.71	11.38	0.30	11.37	11.38	129956	3202	          0.26	          3.96	11.14	11.40	11.02	11.08	    50.88	146964288	  1.65	船舶	江苏	 3.43	11.31	52455	77501	  0.68	1402	1061	--  	      32855.16	
="000920"	南方汇通	2.70	12.15	0.32	12.15	12.16	26863	412	          0.24	          0.64	11.78	12.17	11.78	11.83	   118.08	32379376	  0.76	运输设备	贵州	 3.30	12.05	11881	14982	  0.79	18	442	--  	      42200.00	
="600271"	航天信息	2.70	22.10	0.58	22.08	22.09	79798	5	          0.22	          0.86	21.60	22.11	21.60	21.52	    18.52	174558240	  0.67	电脑设备	北京	 2.37	21.88	31140	48658	  0.64	43	56	--  	      92340.00	
="002594"	比亚迪	2.66	50.55	1.31	50.54	50.55	36934	1192	          0.51	          0.56	49.65	50.66	49.40	49.24	   173.50	185304080	  0.94	汽车整车	深圳	 2.56	50.17	15885	21049	  0.75	11	39	--  	      65973.24	
="600969"	郴电国际	2.66	14.29	0.37	14.37	14.38	16797	45	          1.56	          0.80	13.95	14.40	13.51	13.92	    23.72	23302976	  0.91	水力发电	湖南	 6.39	13.87	7430	9367	  0.79	573	119	--  	      21026.76	
="600966"	博汇纸业	2.66	6.18	0.16	6.17	6.18	59283	308	          2.31	          1.06	6.01	6.20	5.97	6.02	    36.65	35934632	  0.59	造纸	山东	 3.82	6.06	19310	39973	  0.48	714	303	--  	      55672.67	
="600118"	中国卫星	2.62	19.56	0.50	19.56	19.57	114258	20	          0.20	          0.97	19.26	19.58	19.09	19.06	   112.37	221341840	  0.70	航空航天	北京	 2.57	19.37	43650	70608	  0.62	369	220	--  	     118248.90	
="000518"	四环生物	2.58	3.97	0.10	3.97	3.98	252024	5272	         -0.25	          2.45	3.85	4.05	3.85	3.87	    89.37	99279944	  1.78	生物制药	江苏	 5.17	3.94	96129	155895	  0.62	5500	2297	--  	     102953.57	
="000610"	西安旅游	2.53	7.71	0.19	7.71	7.72	28028	568	          0.12	          1.44	7.52	7.72	7.51	7.52	--  	21463526	  0.56	旅游服务	陕西	 2.79	7.66	10570	17458	  0.61	620	605	--  	      19502.47	
="002592"	八菱科技	2.52	14.23	0.35	14.22	14.23	12076	146	         -0.28	          2.01	13.88	14.36	13.88	13.88	    24.60	17155246	  0.84	运输设备	广西	 3.46	14.21	5326	6750	  0.79	223	105	--  	       6002.87	
="000936"	华西股份	2.52	4.48	0.11	4.48	4.49	43508	541	          0.00	          0.58	4.38	4.49	4.36	4.37	   103.36	19221724	  0.68	化纤	江苏	 2.97	4.42	16803	26705	  0.63	964	1951	--  	      74768.59	
="600850"	华东电脑	2.51	26.97	0.66	26.98	26.99	19727	1	         -0.11	          1.15	26.50	27.05	26.31	26.31	    48.49	53019460	  1.83	电脑设备	上海	 2.81	26.88	6272	13455	  0.47	4	38	--  	      17103.15	
="600853"	龙建股份	2.50	3.28	0.08	3.27	3.29	62830	539	          0.30	          1.17	3.25	3.29	3.21	3.20	   259.00	20468812	  0.74	建筑施工	黑龙江	 2.50	3.26	16705	46125	  0.36	80	1020	--  	      53680.76	
="002222"	福晶科技	2.48	10.35	0.25	10.35	10.36	79156	673	          0.09	          2.87	10.12	10.44	10.05	10.10	    52.70	81281608	  0.36	元器件	福建	 3.86	10.27	36310	42846	  0.85	195	63	--  	      27611.57	
="600222"	太龙药业	2.46	7.49	0.18	7.49	7.50	60665	61	         -0.13	          1.22	7.31	7.53	7.21	7.31	   136.96	44784232	  0.65	中成药	河南	 4.38	7.38	27654	33011	  0.84	184	1587	--  	      49660.89	
="600151"	航天机电	2.45	8.78	0.21	8.77	8.78	176114	10	          0.22	          1.46	8.58	8.79	8.58	8.57	   161.71	153163168	  0.76	半导体	上海	 2.45	8.70	91328	84786	  1.08	314	1393	--  	     120469.53	
="300009"	安科生物	2.42	16.93	0.40	16.93	16.94	42408	252	          0.00	          2.27	16.46	16.98	16.46	16.53	    55.49	71425752	  1.13	生物制药	安徽	 3.15	16.84	17201	25207	  0.68	2	276	--  	      18655.17	
="600426"	华鲁恒升	2.42	8.48	0.20	8.47	8.48	129923	10	          0.00	          1.36	8.29	8.50	8.27	8.28	     9.82	109129424	  0.61	农药化肥	山东	 2.78	8.40	46530	83393	  0.56	223	65	--  	      95362.50	
="601186"	中国铁建	2.41	5.09	0.12	5.09	5.10	250612	46	         -0.19	          0.24	4.98	5.10	4.96	4.97	     7.84	126183744	  1.25	建筑施工	北京	 2.82	5.04	117356	133256	  0.88	1158	2275	--  	    1026124.56	
="600301"	ST南化	2.40	8.55	0.20	8.54	8.56	30729	1	         -0.11	          1.31	8.39	8.63	8.25	8.35	--  	26151828	  0.89	化工原料	广西	 4.55	8.51	14504	16225	  0.89	3	41	--  	      23514.81	
="002050"	三花股份	2.39	13.73	0.32	13.71	13.73	68994	1240	         -0.07	          0.91	13.38	13.80	13.30	13.41	    22.10	93344704	  1.40	机械基件	浙江	 3.73	13.53	24868	44126	  0.56	66	160	--  	      75871.92	
="000903"	云内动力	2.36	5.63	0.13	5.63	5.64	65312	976	         -0.17	          0.96	5.50	5.66	5.46	5.50	    22.29	36418072	  0.71	机械基件	云南	 3.64	5.58	25463	39849	  0.64	351	463	--  	      68076.00	
="000910"	大亚科技	2.36	6.50	0.15	6.50	6.51	41709	1121	          0.15	          0.79	6.36	6.62	6.35	6.35	    35.53	27060702	  0.47	家居用品	江苏	 4.25	6.49	15700	26009	  0.60	310	30	--  	      52750.00	
="603003"	龙宇燃油	2.33	14.03	0.32	14.03	14.04	41347	14	          0.93	          6.53	13.58	14.08	13.58	13.71	   254.74	57176608	  1.18	石油贸易	上海	 3.65	13.83	19293	22054	  0.87	102	127	--  	       6333.60	
="600530"	交大昂立	2.29	8.92	0.20	8.90	8.91	27993	11	          0.33	          0.90	8.69	8.92	8.68	8.72	    55.35	24696436	  0.46	生物制药	上海	 2.75	8.82	11323	16670	  0.68	143	75	--  	      31200.00	
="000950"	建峰化工	2.29	4.46	0.10	4.46	4.47	66912	765	          0.22	          1.12	4.37	4.49	4.37	4.36	--  	29743440	  1.24	农药化肥	重庆	 2.75	4.45	31725	35187	  0.90	2014	759	--  	      59879.92	
="002670"	华声股份	2.28	11.22	0.25	11.22	11.23	20213	305	          0.08	          2.45	11.00	11.24	10.98	10.97	    21.17	22495390	  0.77	电气设备	广东	 2.37	11.13	8647	11566	  0.75	203	274	--  	       8237.73	
="300175"	朗源股份	2.28	5.84	0.13	5.84	5.85	94647	1473	          0.00	          2.04	5.70	5.85	5.65	5.71	    24.12	54627020	  0.48	食品	山东	 3.50	5.77	41077	53570	  0.77	162	2160	--  	      46479.35	
="300120"	经纬电材	2.25	7.74	0.17	7.73	7.74	16284	450	          0.12	          1.08	7.66	7.74	7.58	7.57	   194.41	12509501	  0.49	电气设备	天津	 2.11	7.68	7606	8678	  0.88	281	58	--  	      15048.20	
="600104"	上汽集团	2.23	16.93	0.37	16.91	16.92	148878	8	         -0.23	          0.16	16.60	16.99	16.58	16.56	     6.88	249949264	  0.97	汽车整车	上海	 2.48	16.79	53937	94941	  0.57	1183	60	--  	     924242.19	
="600493"	凤竹纺织	2.23	7.35	0.16	7.35	7.36	36371	25	         -0.13	          1.34	7.24	7.38	7.14	7.19	--  	26490454	  0.44	纺织	福建	 3.34	7.28	15314	21057	  0.73	108	103	--  	      27200.00	
="600345"	长江通信	2.20	14.88	0.32	14.89	14.90	18527	20	          0.00	          0.94	14.53	14.96	14.51	14.56	   149.70	27406512	  0.85	通信设备	湖北	 3.09	14.79	7226	11301	  0.64	6	188	--  	      19800.00	
="002471"	中超电缆	2.18	9.37	0.20	9.37	9.38	53227	510	         -0.10	          1.11	9.17	9.42	9.16	9.17	    39.94	49722668	  0.70	电气设备	江苏	 2.84	9.34	21030	32197	  0.65	172	119	--  	      48012.35	
="000567"	海德股份	2.16	11.36	0.24	11.36	11.37	26527	252	         -0.17	          2.01	11.05	11.41	10.90	11.12	    95.88	29671920	  1.24	区域地产	海南	 4.59	11.19	10165	16362	  0.62	77	141	--  	      13168.69	
="000766"	通化金马	2.15	6.66	0.14	6.65	6.66	37557	627	          0.00	          0.84	6.51	6.66	6.49	6.52	   163.64	24742986	  0.80	中成药	吉林	 2.61	6.59	18246	19311	  0.94	262	200	--  	      44901.48	
="002107"	沃华医药	2.14	15.78	0.33	15.78	15.79	9816	55	         -0.06	          1.31	15.42	15.85	15.42	15.45	   290.41	15402727	  0.55	中成药	山东	 2.78	15.69	4615	5201	  0.89	80	10	--  	       7511.04	
="600461"	洪城水业	2.11	9.67	0.20	9.66	9.67	30568	350	          0.20	          0.93	9.44	9.69	9.41	9.47	    22.58	29292228	  0.48	水务	江西	 2.96	9.58	10529	20039	  0.53	43	6	--  	      33000.00	
="600316"	洪都航空	2.11	18.39	0.38	18.38	18.39	154531	68	          0.16	          2.15	18.05	18.48	18.05	18.01	   466.91	283151904	  0.93	航空航天	江西	 2.39	18.32	64008	90523	  0.71	10	219	--  	      71711.45	
="601169"	北京银行	2.09	7.33	0.15	7.33	7.34	501546	229	         -0.13	          0.56	7.23	7.39	7.20	7.18	     4.37	367499104	  1.00	银行	北京	 2.65	7.33	230291	271255	  0.85	309	1306	--  	     896768.94	
="000014"	沙河股份	2.08	12.25	0.25	12.25	12.26	23414	296	          0.08	          1.16	11.99	12.49	11.92	12.00	    49.40	28697722	  0.81	全国地产	深圳	 4.75	12.26	8674	14740	  0.59	521	43	--  	      20170.51	
="002478"	常宝股份	2.07	10.35	0.21	10.35	10.36	45444	221	          0.09	          1.74	10.18	10.61	10.18	10.14	    18.72	47321512	  1.56	普钢	江苏	 4.24	10.41	25303	20141	  1.26	78	140	--  	      26154.86	
="600240"	华业地产	2.07	5.92	0.12	5.91	5.92	165650	31	          0.33	          1.16	5.80	5.93	5.79	5.80	    30.77	97293152	  0.51	全国地产	北京	 2.41	5.87	83650	82000	  1.02	1948	3982	--  	     142425.34	
="000636"	风华高科	2.06	7.91	0.16	7.90	7.91	62232	662	          0.00	          0.93	7.75	7.95	7.73	7.75	    66.15	49033556	  0.65	元器件	广东	 2.84	7.88	24469	37763	  0.65	637	339	--  	      67093.63	
="600545"	新疆城建	2.06	8.41	0.17	8.41	8.42	147832	134	          0.11	          2.19	8.25	8.48	8.21	8.24	    79.31	123881408	  0.80	建筑施工	新疆	 3.28	8.38	64588	83244	  0.78	1134	1853	--  	      67578.57	
="000990"	诚志股份	2.06	14.40	0.29	14.40	14.41	11501	60	         -0.06	          0.39	14.57	14.57	14.19	14.11	   193.17	16486416	  0.57	化工原料	江西	 2.69	14.33	5227	6274	  0.83	21	233	--  	      29702.83	
="002289"	宇顺电子	2.05	20.38	0.41	20.37	20.38	53721	379	          0.19	          5.60	20.00	20.42	19.52	19.97	    82.01	107710600	  0.81	元器件	深圳	 4.51	20.05	28179	25542	  1.10	86	8	--  	       9588.87	
="600293"	三峡新材	2.04	5.99	0.12	5.98	5.99	63272	2	          0.00	          1.84	5.86	6.01	5.83	5.87	   476.80	37404356	  0.70	玻璃	湖北	 3.07	5.91	30530	32742	  0.93	197	182	--  	      34450.26	
="300153"	科泰电源	2.04	13.00	0.26	12.99	13.00	18834	191	          0.00	          1.18	12.70	13.03	12.61	12.74	    81.27	24265442	  0.48	电气设备	上海	 3.30	12.88	9011	9823	  0.92	128	190	--  	      15983.50	
="000524"	东方宾馆	2.01	9.13	0.18	9.12	9.13	28096	494	          0.21	          1.04	8.95	9.27	8.82	8.95	    97.23	25573492	  0.57	酒店餐饮	广东	 5.03	9.10	12428	15668	  0.79	176	24	--  	      26967.16	
="600697"	欧亚集团	2.01	19.29	0.38	19.28	19.29	10938	11	          0.15	          0.70	18.82	19.29	18.82	18.91	    13.18	20937320	  0.50	百货	吉林	 2.49	19.14	4489	6449	  0.70	82	83	--  	      15515.59	
="300035"	中科电气	2.01	9.14	0.18	9.13	9.14	41368	690	          0.21	          2.67	8.92	9.15	8.92	8.96	    68.93	37333588	  0.52	工程机械	湖南	 2.57	9.02	17201	24167	  0.71	199	200	--  	      15515.95	
="600674"	川投能源	2.00	13.79	0.27	13.78	13.79	93328	68	          0.07	          0.45	13.52	13.90	13.50	13.52	    15.91	128465736	  0.55	火力发电	四川	 2.96	13.76	38980	54348	  0.72	300	13	--  	     206626.05	
="002282"	博深工具	1.99	10.24	0.20	10.24	10.25	26846	205	          0.39	          2.24	10.00	10.25	9.98	10.04	    61.57	27178928	  0.48	轻工机械	河北	 2.69	10.12	12905	13941	  0.93	211	235	--  	      11982.66	
="000565"	渝三峡Ａ	1.99	10.77	0.21	10.76	10.77	21822	283	          0.18	          1.26	10.56	10.77	10.50	10.56	    31.07	23221554	  0.91	染料涂料	重庆	 2.56	10.64	8076	13746	  0.59	288	43	--  	      17343.68	
="600030"	中信证券	1.98	12.89	0.25	12.89	12.90	678038	24	          0.23	          0.69	12.76	12.90	12.66	12.64	    27.09	866985984	  0.80	证券	深圳	 1.90	12.79	300668	377370	  0.80	110	12755	--  	     981466.19	
="002672"	东江环保	1.97	31.00	0.60	30.91	31.00	19432	729	         -1.17	          1.54	30.99	31.48	30.50	30.40	    39.54	60127160	  0.60	环境保护	广东	 3.22	30.94	9324	10108	  0.92	10	272	--  	      12657.33	
="002691"	石中装备	1.97	12.41	0.24	12.41	12.42	18878	210	          0.00	          2.86	12.27	12.45	12.12	12.17	    71.91	23191070	  0.48	专用机械	河北	 2.71	12.28	9562	9316	  1.03	15	63	--  	       6596.93	
="600992"	贵绳股份	1.96	8.83	0.17	8.82	8.83	11513	19	          0.34	          0.70	8.66	8.83	8.63	8.66	   105.64	10080740	  0.79	钢加工	贵州	 2.31	8.76	3871	7642	  0.51	37	10	--  	      16437.00	
="002037"	久联发展	1.93	13.23	0.25	13.23	13.24	65569	718	          0.07	          2.00	12.96	13.41	12.81	12.98	    21.46	86431640	  0.46	化工原料	贵州	 4.62	13.18	29058	36511	  0.80	332	539	--  	      32736.82	
="600202"	哈空调	1.92	5.85	0.11	5.84	5.85	33080	25	          0.17	          0.86	5.77	5.85	5.70	5.74	--  	19186104	  0.60	电气设备	黑龙江	 2.61	5.80	14270	18810	  0.76	79	2000	--  	      38334.07	
="601818"	光大银行	1.91	2.67	0.05	2.66	2.67	477525	700	          0.00	          0.12	2.64	2.67	2.63	2.62	     3.82	126590624	  0.67	银行	北京	 1.53	2.65	96699	380826	  0.25	14005	32167	--  	    3981036.00	
="600038"	哈飞股份	1.90	30.07	0.56	30.02	30.06	47595	50	          0.56	          1.41	29.51	30.37	29.41	29.51	    58.07	141614624	  0.96	航空航天	黑龙江	 3.25	29.75	22217	25378	  0.88	5	201	--  	      33735.00	
="002553"	南方轴承	1.89	12.91	0.24	12.90	12.91	17156	451	          0.07	          1.58	12.68	12.94	12.66	12.67	    32.59	22049806	  0.42	机械基件	江苏	 2.21	12.85	7916	9240	  0.86	289	556	--  	      10887.00	
="300155"	安居宝	1.89	13.48	0.25	13.48	13.49	25585	153	          0.07	          1.44	13.23	13.54	13.23	13.23	    76.16	34413228	  0.73	元器件	广东	 2.34	13.45	13384	12201	  1.10	107	69	--  	      17771.72	
="300123"	太阳鸟	1.89	8.64	0.16	8.63	8.64	31319	168	          0.11	          1.22	8.43	8.71	8.43	8.48	    78.08	26799824	  0.67	船舶	湖南	 3.30	8.56	11665	19654	  0.59	329	316	--  	      25749.13	
="002696"	百洋股份	1.88	11.40	0.21	11.39	11.40	21171	370	          0.44	          2.65	11.25	11.40	11.11	11.19	    51.86	23811462	  0.66	渔业	广西	 2.59	11.25	9242	11929	  0.77	6	68	--  	       7990.91	
="300211"	亿通科技	1.87	21.19	0.39	21.18	21.19	10619	514	          0.09	          2.24	20.56	21.20	20.21	20.80	    97.38	22045082	  0.78	通信设备	江苏	 4.76	20.76	4509	6110	  0.74	37	27	--  	       4739.52	
="000890"	法 尔 胜	1.87	4.90	0.09	4.90	4.91	44281	536	         -0.20	          1.17	4.85	4.91	4.80	4.81	   222.97	21472894	  0.66	钢加工	江苏	 2.29	4.85	20198	24083	  0.84	50	1494	--  	      37953.87	
="600469"	风神股份	1.87	9.83	0.18	9.83	9.84	24321	20	          0.20	          0.65	9.65	9.84	9.63	9.65	     9.94	23689932	  0.60	汽车配件	河南	 2.18	9.74	11052	13269	  0.83	54	300	--  	      37494.21	
="600226"	升华拜克	1.86	7.65	0.14	7.64	7.65	91896	97	          0.39	          2.27	7.48	7.69	7.42	7.51	    30.61	69892040	  0.81	农药化肥	浙江	 3.60	7.61	41074	50822	  0.81	282	1024	--  	      40554.92	
="601299"	中国北车	1.83	5.00	0.09	5.00	5.01	412195	115	          0.00	          0.41	4.91	5.01	4.91	4.91	    17.49	204446080	  0.68	运输设备	北京	 2.04	4.96	160374	251821	  0.64	426	10967	--  	    1012608.38	
="000561"	烽火电子	1.81	7.86	0.14	7.86	7.87	26736	142	          0.12	          0.45	7.72	7.87	7.72	7.72	   406.35	20905880	  0.43	通信设备	陕西	 1.94	7.82	10787	15949	  0.68	418	411	--  	      59398.66	
="002414"	高德红外	1.79	19.93	0.35	19.93	19.94	34870	663	          0.20	          0.75	19.58	19.93	19.35	19.58	   142.40	68611728	  0.70	电器仪表	湖北	 2.96	19.68	15370	19500	  0.79	108	22	--  	      46445.51	
="600291"	西水股份	1.78	10.85	0.19	10.83	10.84	34381	21	          0.09	          0.90	10.68	10.85	10.50	10.66	    14.40	36721976	  0.65	水泥	内蒙	 3.28	10.68	16010	18371	  0.87	20	27	--  	      38400.00	
="300355"	蒙草抗旱	1.78	14.86	0.26	14.86	14.87	43751	568	         -0.13	          2.17	14.54	14.93	14.54	14.60	    30.44	64820592	  0.44	环境保护	内蒙	 2.67	14.82	17801	25950	  0.69	191	197	--  	      20134.06	
="600681"	万鸿集团	1.75	5.80	0.10	5.79	5.80	34197	12	          0.00	          1.54	5.70	5.83	5.70	5.70	--  	19714948	  0.89	装修装饰	湖北	 2.28	5.76	16565	17632	  0.94	1286	703	--  	      22142.18	
="002513"	蓝丰生化	1.74	10.54	0.18	10.52	10.54	19476	1000	          0.57	          0.91	10.39	10.54	10.36	10.36	   439.19	20355382	  0.76	农药化肥	江苏	 1.74	10.45	9987	9489	  1.05	600	178	--  	      21312.00	
="000782"	美达股份	1.74	5.86	0.10	5.85	5.86	21977	275	         -0.17	          0.62	5.80	5.88	5.74	5.76	--  	12749602	  0.69	化纤	广东	 2.43	5.80	12324	9653	  1.28	111	320	--  	      35269.05	
="002441"	众业达	1.72	17.17	0.29	17.17	17.18	14090	57	         -0.05	          0.97	16.81	17.21	16.81	16.88	    16.59	24002114	  0.65	批发业	广东	 2.37	17.03	7788	6302	  1.24	144	100	--  	      14464.12	
="000683"	远兴能源	1.72	4.15	0.07	4.14	4.15	88612	1354	          0.24	          1.15	4.07	4.16	4.06	4.08	--  	36454036	  0.62	化工原料	内蒙	 2.45	4.11	35448	53164	  0.67	521	1365	--  	      76781.39	
="000883"	湖北能源	1.71	6.54	0.11	6.53	6.54	211642	644	          0.15	          0.79	6.50	6.64	6.42	6.43	    17.19	138507136	  0.50	火力发电	湖北	 3.42	6.54	94887	116755	  0.81	7776	1120	--  	     267301.63	
="600165"	新日恒力	1.70	7.77	0.13	7.76	7.77	32526	76	          0.00	          1.68	7.68	7.80	7.63	7.64	    65.38	25093924	  0.80	钢加工	宁夏	 2.23	7.71	13935	18591	  0.75	287	474	--  	      19395.34	
="600885"	宏发股份	1.69	22.90	0.38	22.85	22.87	19931	28	          1.23	          0.84	22.76	23.00	22.28	22.52	    29.27	44975628	  1.17	电气设备	湖北	 3.20	22.56	10373	9558	  1.09	2	142	--  	      23741.25	
="600655"	豫园商城	1.68	7.86	0.13	7.86	7.87	44760	138	          0.12	          0.31	7.72	7.87	7.72	7.73	    17.10	34889296	  0.45	百货	上海	 1.94	7.79	16051	28709	  0.56	277	374	--  	     143732.20	
="300285"	国瓷材料	1.68	34.48	0.57	34.48	34.50	2274	4	         -0.05	          0.70	34.28	34.67	33.68	33.91	    82.45	7813920	  0.38	化工原料	山东	 2.92	34.36	1007	1267	  0.79	6	38	--  	       3226.39	
="600568"	中珠控股	1.67	12.19	0.20	12.19	12.20	92148	148	          0.00	          4.90	12.01	12.30	11.91	11.99	    53.89	112103416	  0.77	区域地产	湖北	 3.25	12.17	36894	55254	  0.67	312	2844	--  	      18802.65	
="300082"	奥克股份	1.66	12.86	0.21	12.86	12.87	24225	294	         -0.15	          0.72	12.63	12.89	12.61	12.65	    35.49	30861650	  0.49	化工原料	辽宁	 2.21	12.74	12898	11327	  1.14	197	200	--  	      33692.10	
="300125"	易世达	1.66	20.25	0.33	20.22	20.25	21601	68	          0.19	          2.97	19.95	20.25	19.50	19.92	   111.87	42834796	  1.06	电气设备	辽宁	 3.77	19.83	12287	9314	  1.32	18	5	--  	       7266.24	
="603333"	明星电缆	1.65	4.94	0.08	4.93	4.94	36793	164	          0.00	          1.89	4.87	4.94	4.85	4.86	--  	18030836	  0.67	电气设备	四川	 1.85	4.90	18569	18224	  1.02	16	652	--  	      19450.50	
="600189"	吉林森工	1.65	8.03	0.13	8.02	8.04	63058	28	          0.12	          2.03	7.91	8.05	7.87	7.90	   514.66	50246332	  0.55	林业	吉林	 2.28	7.97	22092	40966	  0.54	170	355	--  	      31050.00	
="002674"	兴业科技	1.64	13.01	0.21	13.00	13.01	15615	104	         -0.07	          1.26	13.00	13.10	12.76	12.80	    26.60	20240150	  0.20	纺织	福建	 2.66	12.96	7458	8157	  0.91	8	180	--  	      12379.20	
="600099"	林海股份	1.63	8.09	0.13	8.10	8.11	17941	75	          0.00	          0.82	7.90	8.12	7.88	7.96	   587.17	14481846	  0.58	摩托车	江苏	 3.02	8.07	7639	10302	  0.74	7	266	--  	      21912.00	
="002615"	哈尔斯	1.63	23.74	0.38	23.73	23.74	7567	110	          0.08	          2.28	23.48	23.88	23.39	23.36	    26.38	17928822	  0.36	家居用品	浙江	 2.10	23.69	3343	4224	  0.79	17	59	--  	       3323.58	
="601618"	中国中冶	1.62	1.88	0.03	1.87	1.88	306491	72	          0.53	          0.19	1.84	1.88	1.84	1.85	     8.07	56860224	  0.76	建筑施工	北京	 2.16	1.86	58841	247650	  0.24	3242	27542	--  	    1623900.00	
="600167"	联美控股	1.61	11.97	0.19	11.96	11.97	18443	61	          0.16	          0.87	11.76	11.98	11.67	11.78	    10.95	21824828	  1.05	供气供热	辽宁	 2.63	11.83	8099	10344	  0.78	90	138	--  	      21100.00	
="600064"	南京高科	1.61	11.97	0.19	11.95	11.96	25556	59	          0.41	          0.50	11.78	11.98	11.70	11.78	    11.68	30333140	  0.66	园区开发	江苏	 2.38	11.87	7887	17669	  0.45	32	26	--  	      51621.87	
="600552"	方兴科技	1.61	18.28	0.29	18.23	18.28	48661	10	          0.49	          1.42	18.00	18.29	17.92	17.99	    45.88	88073376	  1.38	玻璃	安徽	 2.06	18.10	12926	35735	  0.36	27	621	--  	      34223.94	
="002133"	广宇集团	1.61	4.42	0.07	4.41	4.42	282896	1574	          0.45	          6.21	4.32	4.65	4.30	4.35	    95.04	126017496	  3.03	全国地产	浙江	 8.05	4.45	117767	165129	  0.71	2179	4996	--  	      45524.98	
="600350"	山东高速	1.60	3.17	0.05	3.17	3.18	26921	5	         -0.31	          0.06	3.12	3.18	3.12	3.12	    11.14	8485442	  0.55	路桥	山东	 1.92	3.15	10069	16852	  0.60	747	3936	--  	     481116.59	
="601518"	吉林高速	1.59	2.55	0.04	2.54	2.55	68329	3	          0.39	          0.56	2.51	2.57	2.51	2.51	    10.59	17375964	  0.54	路桥	吉林	 2.39	2.54	38174	30155	  1.27	747	855	--  	     121320.00	
="002314"	雅致股份	1.58	5.15	0.08	5.15	5.16	59749	1143	          0.00	          1.03	5.06	5.16	5.02	5.07	--  	30604934	  0.50	其他建材	深圳	 2.76	5.12	24083	35666	  0.68	346	2914	--  	      57977.46	
="002179"	中航光电	1.57	23.22	0.36	23.22	23.23	60564	347	          0.08	          1.36	23.18	24.29	22.71	22.86	    40.27	141214416	  1.29	元器件	河南	 6.91	23.32	28267	32297	  0.88	176	321	--  	      44425.35	
="002468"	艾迪西	1.57	9.05	0.14	9.04	9.05	25719	508	          0.66	          0.78	8.88	9.06	8.81	8.91	   164.64	22928696	  0.49	其他建材	浙江	 2.81	8.91	12679	13040	  0.97	75	515	--  	      33177.60	
="600249"	两面针	1.54	5.95	0.09	5.94	5.95	42840	130	          0.33	          0.95	5.86	5.96	5.81	5.86	--  	25383982	  0.72	日用化工	广西	 2.56	5.93	19077	23763	  0.80	3	33	--  	      45000.00	
="000626"	如意集团	1.53	9.27	0.14	9.27	9.28	32833	1905	          0.10	          1.62	9.04	9.27	8.90	9.13	    24.48	30102506	  1.07	商贸代理	江苏	 4.05	9.17	12815	20018	  0.64	85	605	--  	      20229.75	
="600660"	福耀玻璃	1.52	9.99	0.15	9.98	9.99	108635	20	          0.20	          0.54	9.86	10.01	9.74	9.84	     9.55	107556496	  0.95	汽车配件	福建	 2.74	9.90	46123	62512	  0.74	653	296	--  	     200298.64	
="600460"	士兰微	1.52	6.02	0.09	6.00	6.01	117055	26	          0.33	          1.04	5.93	6.03	5.91	5.93	    60.99	70095320	  0.71	半导体	浙江	 2.02	5.99	38145	78910	  0.48	4863	1559	--  	     112860.79	
="601006"	大秦铁路	1.51	7.40	0.11	7.41	7.42	230986	717	          0.00	          0.16	7.30	7.42	7.28	7.29	     7.66	170102832	  0.92	铁路	山西	 1.92	7.36	80266	150720	  0.53	1226	5411	--  	    1486679.13	
="600011"	华能国际	1.51	6.06	0.09	6.05	6.06	181629	53	          0.16	          0.17	6.00	6.07	5.98	5.97	     6.35	109325192	  1.19	火力发电	北京	 1.51	6.02	46032	135597	  0.34	780	260	--  	    1050000.00	
="002689"	博林特	1.50	7.44	0.11	7.43	7.44	39533	207	          0.13	          2.32	7.33	7.49	7.25	7.33	    33.66	29203362	  0.59	运输设备	辽宁	 3.27	7.39	17798	21735	  0.82	184	73	--  	      17068.40	
="600898"	三联商社	1.50	6.77	0.10	6.77	6.78	21001	37	          0.29	          0.83	6.67	6.78	6.64	6.67	    61.33	14139253	  0.48	电器连锁	山东	 2.10	6.73	10318	10683	  0.97	1	685	--  	      25252.38	
="000671"	阳 光 城	1.49	12.24	0.18	12.24	12.25	52094	318	         -0.08	          0.51	12.06	12.26	11.85	12.06	    34.90	62766932	  0.52	区域地产	福建	 3.40	12.05	28956	23138	  1.25	132	1165	--  	     102512.21	
="000929"	兰州黄河	1.49	8.85	0.13	8.84	8.85	16096	281	          0.22	          0.87	8.72	8.85	8.69	8.72	    57.46	14109518	  0.53	啤酒	甘肃	 1.83	8.77	6424	9672	  0.66	42	638	--  	      18558.80	
="002221"	东华能源	1.48	12.32	0.18	12.32	12.33	27013	120	          0.00	          0.60	12.18	12.36	12.10	12.14	   115.04	32913386	  0.68	石油贸易	江苏	 2.14	12.18	12669	14344	  0.88	69	14	--  	      44718.82	
="002051"	中工国际	1.47	17.96	0.26	17.96	17.97	14917	183	          0.00	          0.20	17.70	17.97	17.67	17.70	    16.40	26631738	  0.42	建筑施工	北京	 1.69	17.85	7521	7396	  1.02	135	229	--  	      76414.59	
="000792"	盐湖股份	1.47	17.98	0.26	17.98	17.99	45068	291	          0.00	          0.65	17.75	18.00	17.55	17.72	    33.29	80250520	  0.55	农药化肥	青海	 2.54	17.81	21203	23865	  0.89	399	640	--  	      69287.85	
="002150"	通润装备	1.47	7.61	0.11	7.60	7.61	20176	120	          0.52	          0.81	7.50	7.61	7.47	7.50	    32.89	15232858	  0.88	机械基件	江苏	 1.87	7.55	9901	10275	  0.96	410	257	--  	      24786.00	
="000691"	亚太实业	1.46	6.24	0.09	6.23	6.24	56883	926	         -0.16	          1.96	6.13	6.35	6.07	6.15	  4470.76	35519376	  0.64	区域地产	海南	 4.55	6.24	27699	29184	  0.95	207	15	--  	      29048.63	
="601012"	隆基股份	1.46	19.47	0.28	19.36	19.39	36040	63	          0.88	          1.16	19.19	19.50	18.71	19.19	    54.03	68751560	  0.57	半导体	陕西	 4.12	19.08	18796	17244	  1.09	10	151	--  	      31102.74	
="300172"	中电环保	1.46	18.79	0.27	18.78	18.79	24253	125	          0.15	          2.37	18.41	18.79	18.32	18.52	    52.44	45129540	  0.36	环境保护	江苏	 2.54	18.61	11838	12415	  0.95	116	60	--  	      10224.55	
="002233"	塔牌集团	1.45	6.98	0.10	6.98	6.99	43100	381	         -0.14	          0.78	6.88	6.99	6.85	6.88	     8.77	29927250	  0.72	水泥	广东	 2.03	6.94	17970	25130	  0.72	1537	639	--  	      55565.60	
="002558"	世纪游轮	1.43	25.61	0.36	25.48	25.61	2805	115	          0.35	          0.86	25.06	25.69	25.06	25.25	   644.14	7146303	  0.47	旅游服务	重庆	 2.50	25.47	1172	1633	  0.72	14	9	--  	       3244.39	
="002530"	丰东股份	1.40	7.95	0.11	7.94	7.95	24938	652	          0.37	          0.93	7.89	7.99	7.78	7.84	   113.01	19659272	  0.42	专用机械	江苏	 2.68	7.88	11644	13294	  0.88	219	509	--  	      26800.00	
="002621"	大连三垒	1.40	11.58	0.16	11.57	11.58	16999	338	          0.08	          3.02	11.42	11.60	11.33	11.42	    39.39	19530082	  0.75	专用机械	辽宁	 2.36	11.49	7094	9905	  0.72	117	162	--  	       5625.00	
="601766"	中国南车	1.39	5.12	0.07	5.11	5.12	313287	39	         -0.19	          0.30	5.09	5.13	5.05	5.05	    17.14	159674448	  0.75	运输设备	北京	 1.58	5.10	132709	180578	  0.73	2699	658	--  	    1041689.63	
="002636"	金安国纪	1.38	11.74	0.16	11.74	11.75	19209	260	          0.00	          2.16	11.51	11.76	11.51	11.58	    54.83	22421176	  0.37	元器件	上海	 2.16	11.67	8856	10353	  0.86	24	127	--  	       8909.57	
="600243"	青海华鼎	1.38	8.10	0.11	8.09	8.10	50652	49	          0.37	          2.14	7.82	8.35	7.82	7.99	--  	41049500	  0.76	机床制造	青海	 6.63	8.10	26293	24359	  1.08	36	323	--  	      23685.00	
="600086"	东方金钰	1.37	19.92	0.27	19.92	19.93	29609	6	          0.05	          0.84	19.65	20.00	19.65	19.65	    50.72	58707088	  0.45	服饰	湖北	 1.78	19.83	13474	16135	  0.84	32	344	--  	      35228.17	
="002687"	乔治白	1.37	9.61	0.13	9.61	9.62	70396	670	         -0.20	         10.11	9.49	9.97	9.46	9.48	    29.89	68223104	  2.13	服饰	浙江	 5.38	9.69	35314	35082	  1.01	406	3	--  	       6961.27	
="603766"	隆鑫通用	1.36	13.41	0.18	13.41	13.42	69985	6	          0.14	          1.85	13.18	13.49	13.08	13.23	    16.84	92977496	  0.47	摩托车	重庆	 3.10	13.29	33279	36706	  0.91	39	62	--  	      37925.00	
="600529"	山东药玻	1.34	12.82	0.17	12.81	12.82	15434	37	          0.07	          0.60	12.60	12.85	12.60	12.65	    24.47	19712358	  0.56	玻璃	山东	 1.98	12.77	7778	7656	  1.02	24	8	--  	      25738.00	
="002697"	红旗连锁	1.34	12.82	0.17	12.82	12.83	30713	815	         -0.07	          1.99	12.66	12.85	12.66	12.65	    24.14	39222600	  0.51	超市连锁	四川	 1.50	12.77	12647	18066	  0.70	469	918	--  	      15399.45	
="002283"	天润曲轴	1.33	7.62	0.10	7.62	7.63	70879	359	          0.13	          1.27	7.47	7.64	7.47	7.52	    28.37	53524412	  0.72	汽车配件	山东	 2.26	7.55	36747	34132	  1.08	1686	760	--  	      55941.17	
="600742"	一汽富维	1.33	25.20	0.33	25.19	25.20	21866	4	          0.15	          1.03	24.95	25.20	24.54	24.87	    11.01	54515084	  0.51	汽车配件	吉林	 2.65	24.93	6403	15463	  0.41	20	108	--  	      21152.33	
="600020"	中原高速	1.31	2.32	0.03	2.31	2.32	44291	10	          0.00	          0.20	2.30	2.32	2.30	2.29	     8.36	10230228	  0.63	路桥	河南	 0.87	2.31	15021	29270	  0.51	4542	2352	--  	     224737.19	
="600785"	新华百货	1.31	11.60	0.15	11.61	11.62	26941	10	          0.17	          1.30	11.45	11.61	11.43	11.45	     6.39	31064996	  0.87	百货	宁夏	 1.57	11.53	12649	14292	  0.89	60	184	--  	      20743.13	
="002685"	华东重机	1.29	10.17	0.13	10.16	10.17	16490	392	          0.00	          1.66	10.08	10.17	10.01	10.04	   199.82	16652137	  0.42	工程机械	江苏	 1.59	10.10	8012	8478	  0.95	208	450	--  	       9950.00	
="002487"	大金重工	1.28	7.89	0.10	7.88	7.89	32697	623	          0.12	          0.91	7.80	7.92	7.75	7.79	    60.44	25658326	  0.38	钢加工	辽宁	 2.18	7.85	18357	14340	  1.28	291	20	--  	      36000.00	
="002444"	巨星科技	1.28	10.26	0.13	10.25	10.26	25102	350	          0.00	          0.29	10.20	10.26	10.12	10.13	    23.73	25616642	  0.43	轻工机械	浙江	 1.38	10.20	12775	12327	  1.04	110	63	--  	      87460.32	
="002059"	云南旅游	1.26	9.64	0.12	9.64	9.65	13101	432	          0.20	          0.61	9.46	9.64	9.46	9.52	   468.05	12537151	  0.32	旅游景点	云南	 1.89	9.57	5319	7782	  0.68	446	237	--  	      21500.00	
="601800"	中国交建	1.26	4.02	0.05	4.01	4.02	224030	210	          0.00	          1.66	3.97	4.02	3.96	3.97	     5.59	89259184	  1.20	建筑施工	北京	 1.51	3.98	101041	122989	  0.82	1204	3379	--  	     134973.55	
="000027"	深圳能源	1.25	6.50	0.08	6.49	6.50	60085	784	          0.30	          0.63	6.46	6.50	6.42	6.42	     8.31	38798984	  0.60	火力发电	深圳	 1.25	6.46	21467	38618	  0.56	181	2076	--  	      95835.00	
="002060"	粤 水 电	1.24	6.51	0.08	6.50	6.51	41651	1135	          0.15	          0.69	6.46	6.51	6.41	6.43	    39.39	26988422	  0.46	建筑施工	广东	 1.56	6.48	18611	23040	  0.81	184	1426	--  	      60103.19	
="000090"	天健集团	1.23	8.22	0.10	8.21	8.22	28994	606	         -0.12	          0.52	8.13	8.27	8.11	8.12	    66.21	23812368	  0.33	建筑施工	深圳	 1.97	8.21	13297	15697	  0.85	284	1234	--  	      55253.07	
="600609"	金杯汽车	1.22	3.31	0.04	3.31	3.32	58563	18	         -0.30	          0.54	3.27	3.32	3.25	3.27	   257.94	19272096	  0.46	汽车整车	辽宁	 2.14	3.29	24067	34496	  0.70	238	2929	--  	     109266.71	
="000861"	海印股份	1.22	11.59	0.14	11.58	11.59	24183	99	          0.17	          1.21	11.43	11.62	11.43	11.45	    30.67	27982024	  0.63	房产服务	广东	 1.66	11.57	9702	14481	  0.67	31	202	--  	      19992.93	
="600897"	厦门空港	1.21	15.86	0.19	15.89	15.90	9703	255	          0.25	          0.33	15.67	15.89	15.60	15.67	    10.41	15267346	  0.81	机场	福建	 1.85	15.73	5124	4579	  1.12	44	87	--  	      29781.00	
="600664"	哈药股份	1.21	6.68	0.08	6.67	6.68	94743	24	          0.00	          0.90	6.60	6.73	6.60	6.60	    18.70	63127804	  0.98	化学制药	黑龙江	 1.97	6.66	36856	57887	  0.64	1525	93	--  	     105338.95	
="600177"	雅戈尔	1.21	7.52	0.09	7.52	7.53	81508	28	         -0.13	          0.37	7.48	7.53	7.44	7.43	     4.58	61077456	  0.50	服饰	浙江	 1.21	7.49	36909	44599	  0.83	330	498	--  	     222661.17	
="002526"	山东矿机	1.21	8.39	0.10	8.38	8.39	404809	7809	          0.35	         10.06	8.10	8.45	8.01	8.29	   130.82	333834304	  1.05	工程机械	山东	 5.31	8.25	198265	206544	  0.96	422	2402	--  	      40222.50	
="000880"	潍柴重机	1.19	11.03	0.13	11.03	11.04	12887	31	         -0.18	          0.95	10.82	11.12	10.81	10.90	    43.21	14179647	  0.55	机械基件	山东	 2.84	11.00	3360	9527	  0.35	44	445	--  	      13513.50	
="600644"	乐山电力	1.19	8.49	0.10	8.49	8.50	18793	6	          0.11	          0.58	8.40	8.51	8.37	8.39	    48.61	15873400	  0.46	水力发电	四川	 1.67	8.45	9571	9222	  1.04	4	152	--  	      32648.00	
="300103"	达刚路机	1.19	13.64	0.16	13.63	13.64	18100	69	          0.00	          1.17	13.38	13.75	13.38	13.48	    46.64	24657820	  0.56	工程机械	陕西	 2.74	13.62	9686	8414	  1.15	93	112	--  	      15510.50	
="000666"	经纬纺机	1.18	11.13	0.13	11.08	11.13	39979	3145	          0.54	          1.36	10.96	11.29	10.86	11.00	    18.05	44488248	  0.82	纺织机械	北京	 3.91	11.13	15379	24600	  0.63	10	547	--  	      29345.88	
="600302"	标准股份	1.18	5.16	0.06	5.16	5.17	36413	180	          0.19	          1.05	5.10	5.17	5.02	5.10	--  	18533164	  1.55	纺织机械	陕西	 2.94	5.09	18163	18250	  1.00	713	414	--  	      34600.98	
="600360"	华微电子	1.17	5.18	0.06	5.18	5.19	77100	634	          0.00	          1.04	5.12	5.22	5.12	5.12	   101.96	39871808	  0.63	半导体	吉林	 1.95	5.17	39654	37446	  1.06	1371	603	--  	      73808.00	
="000430"	张家界	1.17	7.78	0.09	7.78	7.79	35898	283	         -0.12	          1.78	7.70	7.79	7.66	7.69	    62.86	27743458	  0.35	旅游景点	湖南	 1.69	7.73	17949	17949	  1.00	332	142	--  	      20125.72	
="002361"	神剑股份	1.17	6.92	0.08	6.91	6.92	34046	266	          0.14	          1.92	6.85	6.92	6.79	6.84	    28.87	23313590	  0.48	化工原料	安徽	 1.90	6.85	17107	16939	  1.01	198	290	--  	      17698.19	
="600710"	常林股份	1.15	3.51	0.04	3.50	3.51	44581	10	          0.28	          0.70	3.48	3.52	3.45	3.47	--  	15548565	  0.51	工程机械	江苏	 2.02	3.49	21388	23193	  0.92	726	1687	--  	      64028.39	
="600078"	澄星股份	1.15	6.18	0.07	6.17	6.18	58400	61	          0.16	          0.88	6.08	6.18	6.06	6.11	   107.78	35843084	  0.71	化工原料	江苏	 1.96	6.14	29043	29357	  0.99	598	1086	--  	      66257.28	
="002327"	富安娜	1.13	12.50	0.14	12.50	12.52	35277	912	         -0.55	          1.60	12.35	12.60	12.30	12.36	    16.93	44088556	  0.43	服饰	深圳	 2.43	12.50	18135	17142	  1.06	127	60	--  	      22056.60	
="000576"	广东甘化	1.11	13.65	0.15	13.64	13.65	52841	947	          0.36	          2.06	13.53	13.88	13.37	13.50	   486.75	72176416	  1.50	综合类	广东	 3.78	13.66	28987	23854	  1.22	112	809	--  	      25616.05	
="300087"	荃银高科	1.10	10.15	0.11	10.14	10.15	12673	230	         -0.09	          1.19	10.05	10.29	10.05	10.04	--  	12900658	  0.40	种植业	安徽	 2.39	10.18	6353	6320	  1.01	45	9	--  	      10679.45	
="600560"	金自天正	1.08	11.18	0.12	11.15	11.17	79821	18	         -0.35	          3.57	11.06	11.30	10.79	11.06	    65.54	87460704	  0.50	电气设备	北京	 4.61	10.96	44001	35820	  1.23	45	455	--  	      22364.55	
="600487"	亨通光电	1.08	16.79	0.18	16.78	16.80	8769	29	          0.23	          0.28	16.61	16.80	16.61	16.61	    40.17	14683960	  0.34	通信设备	江苏	 1.14	16.74	3317	5452	  0.61	62	478	--  	      31062.38	
="600131"	岷江水电	1.08	4.67	0.05	4.67	4.68	24171	1	          0.00	          0.61	4.64	4.68	4.60	4.62	    16.32	11224398	  0.45	水力发电	四川	 1.73	4.64	11915	12256	  0.97	255	1025	--  	      39736.69	
="000678"	襄阳轴承	1.08	5.61	0.06	5.60	5.61	62557	496	          0.00	          2.08	5.58	5.63	5.47	5.55	    74.68	34626152	  0.65	机械基件	湖北	 2.88	5.54	32619	29938	  1.09	1491	529	--  	      30107.63	
="002267"	陕天然气	1.08	10.30	0.11	10.29	10.30	39767	960	          0.00	          0.40	10.19	10.30	10.12	10.19	    18.32	40665004	  0.81	供气供热	陕西	 1.77	10.23	15268	24499	  0.62	401	520	--  	      99710.15	
="600726"	华电能源	1.08	3.75	0.04	3.75	3.76	111578	12	          0.26	          1.55	3.71	3.75	3.66	3.71	     6.24	41358432	  0.48	火力发电	黑龙江	 2.43	3.71	52648	58930	  0.89	134	2063	--  	      72058.04	
="600548"	深高速	1.08	4.70	0.05	4.69	4.70	28753	2	          0.00	          0.20	4.64	4.72	4.63	4.65	     3.02	13456291	  0.50	路桥	深圳	 1.94	4.68	10030	18723	  0.54	172	163	--  	     143327.03	
="002693"	双成药业	1.08	13.16	0.14	13.16	13.17	14149	188	          0.07	          1.06	13.06	13.22	13.00	13.02	    66.30	18573950	  0.41	化学制药	海南	 1.69	13.13	7638	6511	  1.17	40	90	--  	      13371.20	
="002278"	神开股份	1.07	11.30	0.12	11.29	11.30	45075	804	         -0.08	          2.27	11.15	11.33	11.04	11.18	    50.81	50375088	  0.41	化工机械	上海	 2.59	11.18	24505	20570	  1.19	10	997	--  	      19879.42	
="000530"	大冷股份	1.06	10.53	0.11	10.52	10.53	32038	906	          0.19	          1.48	10.39	10.53	10.35	10.42	    27.72	33499980	  0.41	机械基件	辽宁	 1.73	10.46	15530	16508	  0.94	296	268	--  	      21579.34	
="600798"	宁波海运	1.05	3.84	0.04	3.83	3.84	76145	302	          0.00	          0.87	3.80	3.85	3.78	3.80	--  	29020356	  0.33	水运	浙江	 1.84	3.81	39761	36384	  1.09	1410	362	--  	      87117.45	
="600361"	华联综超	1.05	4.81	0.05	4.80	4.81	34295	107	          0.00	          0.52	4.75	4.82	4.75	4.76	    14.22	16424699	  0.63	超市连锁	北京	 1.47	4.79	13288	21007	  0.63	353	384	--  	      66580.78	
="600651"	飞乐音响	1.02	7.90	0.08	7.89	7.90	83001	10	          0.00	          1.12	7.78	8.01	7.78	7.82	   296.68	65690368	  0.97	电器仪表	上海	 2.94	7.91	35971	47030	  0.76	56	644	--  	      73906.53	
="600516"	方大炭素	1.00	11.07	0.11	11.08	11.09	523519	193	          0.09	          3.05	10.88	11.14	10.87	10.96	    36.16	577196352	  0.87	矿物制品	甘肃	 2.46	11.03	228939	294580	  0.78	14	3338	--  	     171916.03	
="000712"	锦龙股份	1.00	16.22	0.16	16.21	16.22	43402	1015	          0.24	          0.97	16.17	16.22	15.95	16.06	    31.40	69922976	  0.57	多元金融	广东	 1.68	16.11	19904	23498	  0.85	264	356	--  	      44788.87	
="600569"	安阳钢铁	0.99	2.04	0.02	2.03	2.04	110191	70	          0.00	          0.46	2.02	2.04	2.01	2.02	    51.67	22316860	  0.66	普钢	河南	 1.49	2.03	38033	72158	  0.53	3020	2915	--  	     239368.45	
="600083"	博信股份	0.99	8.16	0.08	8.16	8.17	16973	16	          0.24	          0.75	8.06	8.25	8.06	8.08	   463.50	13820237	  0.70	元器件	广东	 2.35	8.14	8072	8901	  0.91	27	25	--  	      22598.08	
="601890"	亚星锚链	0.98	9.24	0.09	9.23	9.24	39941	22	          0.00	          0.85	9.12	9.36	9.11	9.15	    37.57	36997148	  0.49	船舶	江苏	 2.73	9.26	20397	19544	  1.04	137	53	--  	      46800.00	
="002516"	江苏旷达	0.98	15.43	0.15	15.42	15.43	60079	477	         -0.12	          5.52	15.08	15.50	14.81	15.28	    22.72	90970152	  0.70	纺织	江苏	 4.52	15.14	31001	29078	  1.07	80	412	--  	      10889.78	
="600026"	中海发展	0.97	5.21	0.05	5.20	5.21	59581	10	          0.38	          0.28	5.18	5.22	5.11	5.16	    85.39	30824496	  0.48	水运	上海	 2.13	5.17	26510	33071	  0.80	136	456	--  	     210855.63	
="600814"	杭州解百	0.96	7.33	0.07	7.33	7.34	15689	134	         -0.27	          0.51	7.31	7.38	7.25	7.26	    42.91	11499374	  0.43	百货	浙江	 1.79	7.33	8260	7429	  1.11	111	16	--  	      31038.30	
="601010"	文峰股份	0.96	7.36	0.07	7.36	7.37	45982	53	          0.13	          0.62	7.28	7.39	7.28	7.29	     9.95	33773576	  0.77	超市连锁	江苏	 1.51	7.34	21009	24973	  0.84	141	232	--  	      73920.00	
="002098"	浔兴股份	0.96	12.62	0.12	12.62	12.63	27448	300	         -0.15	          1.77	12.39	12.80	12.25	12.50	    18.44	34424392	  0.81	服饰	福建	 4.40	12.54	12584	14864	  0.85	24	10	--  	      15500.00	
="002044"	江苏三友	0.95	7.40	0.07	7.39	7.40	29314	529	          0.13	          1.31	7.32	7.40	7.20	7.33	    73.55	21463712	  0.83	服饰	江苏	 2.73	7.32	15433	13881	  1.11	542	235	--  	      22410.00	
="000877"	天山股份	0.95	6.36	0.06	6.36	6.37	102362	137	          0.00	          1.16	6.30	6.37	6.25	6.30	--  	64645960	  0.91	水泥	新疆	 1.90	6.32	40478	61884	  0.65	3085	4697	--  	      88001.99	
="300174"	元力股份	0.94	12.82	0.12	12.82	12.83	21814	166	         -0.07	          3.31	12.61	12.85	12.30	12.70	   143.15	27636810	  0.80	化工原料	福建	 4.33	12.67	10263	11551	  0.89	36	229	--  	       6594.43	
="600888"	新疆众和	0.94	6.43	0.06	6.43	6.44	108251	159	          0.15	          1.69	6.38	6.55	6.30	6.37	--  	69490976	  0.96	铝	新疆	 3.92	6.42	57032	51219	  1.11	178	269	--  	      64122.58	
="002109"	兴化股份	0.93	5.42	0.05	5.42	5.43	107695	2205	         -0.36	          3.00	5.36	5.60	5.32	5.37	--  	58949856	  1.91	化工原料	陕西	 5.21	5.47	42638	65057	  0.66	1046	876	--  	      35840.00	
="002639"	雪人股份	0.93	16.35	0.15	16.35	16.36	18869	318	          0.00	          2.03	16.20	16.38	15.89	16.20	   346.81	30531330	  0.72	专用机械	福建	 3.02	16.18	7706	11163	  0.69	31	92	--  	       9302.79	
="002320"	海峡股份	0.92	9.86	0.09	9.85	9.86	56111	589	          0.10	          1.32	9.75	9.91	9.70	9.77	    35.56	55081756	  1.12	水运	海南	 2.15	9.82	25658	30453	  0.84	371	392	--  	      42587.60	
="002234"	*ST民和	0.92	9.87	0.09	9.86	9.87	8521	193	          0.10	          0.41	9.76	9.89	9.74	9.78	   124.76	8379829	  0.37	农业综合	山东	 1.53	9.83	4735	3786	  1.25	69	40	--  	      20664.49	
="002034"	美 欣 达	0.90	17.84	0.16	17.69	17.84	15299	97	          0.90	          2.54	17.68	18.23	17.60	17.68	   214.07	27338504	  0.77	纺织	浙江	 3.56	17.87	9512	5787	  1.64	5	41	--  	       6025.16	
="000061"	农 产 品	0.89	10.23	0.09	10.22	10.23	52735	2555	          0.49	          0.33	10.19	10.23	10.10	10.14	--  	53691384	  0.64	农业综合	深圳	 1.28	10.18	26129	26606	  0.98	511	144	--  	     160569.73	
="600190"	锦州港	0.89	4.55	0.04	4.54	4.55	61250	13	          0.22	          0.46	4.50	4.56	4.46	4.51	    34.74	27675286	  0.19	港口	辽宁	 2.22	4.52	34366	26884	  1.28	676	487	--  	     133898.05	
="300138"	晨光生物	0.88	10.28	0.09	10.27	10.28	18717	247	          0.19	          1.46	10.19	10.30	10.15	10.19	   141.82	19129514	  0.51	食品	河北	 1.47	10.22	11583	7134	  1.62	261	125	--  	      12796.33	
="600475"	华光股份	0.87	12.70	0.11	12.69	12.72	18350	1	          0.07	          0.72	12.59	12.70	12.49	12.59	    30.44	23148956	  0.58	专用机械	江苏	 1.67	12.61	7841	10509	  0.75	6	123	--  	      25600.00	
="601009"	南京银行	0.86	8.20	0.07	8.20	8.21	137389	72	          0.00	          0.46	8.13	8.22	8.13	8.13	     4.25	112253112	  0.80	银行	江苏	 1.11	8.17	58918	78471	  0.75	22	1776	--  	     296893.31	
="600539"	狮头股份	0.85	7.14	0.06	7.13	7.14	23094	10	          0.14	          1.44	7.03	7.14	7.02	7.08	--  	16379647	  0.30	水泥	山西	 1.69	7.09	12149	10945	  1.11	144	80	--  	      16043.58	
="000038"	深大通	0.85	16.70	0.14	16.62	16.70	5373	348	          0.60	          1.92	16.68	16.95	16.41	16.56	--  	8934540	  0.46	区域地产	深圳	 3.26	16.63	2143	3230	  0.66	10	341	--  	       2803.19	
="002593"	日上集团	0.84	10.75	0.09	10.75	10.76	17651	545	          0.09	          1.35	10.65	10.77	10.56	10.66	    50.32	18861240	  0.24	汽车配件	福建	 1.97	10.69	7846	9805	  0.80	20	500	--  	      13043.91	
="601018"	宁波港	0.83	2.42	0.02	2.41	2.42	157366	113	          0.41	          0.12	2.41	2.42	2.40	2.40	    11.76	37928096	  0.31	港口	浙江	 0.83	2.41	55679	101687	  0.55	9090	11057	--  	    1280000.00	
="002225"	濮耐股份	0.83	7.30	0.06	7.29	7.30	96820	1501	          0.13	          2.32	7.24	7.30	7.05	7.24	    32.95	69822544	  0.50	其他建材	河南	 3.45	7.21	50625	46195	  1.10	505	647	--  	      41690.42	
="600289"	亿阳信通	0.83	9.76	0.08	9.75	9.76	92314	30	          0.00	          1.63	9.67	9.79	9.60	9.68	   501.99	89543728	  0.51	软件服务	黑龙江	 1.96	9.70	44905	47409	  0.95	794	429	--  	      56737.87	
="600076"	青鸟华光	0.82	6.17	0.05	6.16	6.17	57848	7	          0.16	          1.58	6.11	6.18	6.06	6.12	--  	35393460	  0.52	通信设备	山东	 1.96	6.12	34086	23762	  1.43	174	177	--  	      36553.60	
="600810"	神马股份	0.82	6.18	0.05	6.18	6.19	34328	110	          0.00	          0.78	6.12	6.19	6.07	6.13	    29.09	21020772	  0.66	化纤	河南	 1.96	6.12	20018	14310	  1.40	43	633	--  	      44228.00	
="000828"	东莞控股	0.81	4.96	0.04	4.96	4.97	21635	481	         -0.20	          0.21	4.95	4.99	4.93	4.92	     9.89	10724736	  0.55	路桥	广东	 1.22	4.96	9854	11781	  0.84	84	100	--  	     103951.70	
="601177"	杭齿前进	0.81	7.45	0.06	7.45	7.46	15731	126	         -0.13	          0.39	7.41	7.46	7.35	7.39	    72.75	11651324	  0.46	机械基件	浙江	 1.49	7.41	7784	7947	  0.98	2	273	--  	      40006.00	
="002658"	雪迪龙	0.80	22.57	0.18	22.56	22.57	10663	57	          0.13	          1.42	22.42	22.59	22.31	22.39	    50.87	23953174	  0.39	电器仪表	北京	 1.25	22.46	4961	5702	  0.87	19	4	--  	       7494.56	
="300344"	太空板业	0.80	7.56	0.06	7.55	7.56	42128	582	          0.13	          4.04	7.48	7.56	7.45	7.50	    87.75	31624540	  0.99	其他建材	北京	 1.47	7.51	21338	20790	  1.03	144	652	--  	      10422.41	
="600701"	工大高新	0.79	5.08	0.04	5.08	5.09	115163	92	          0.19	          2.31	5.05	5.09	5.00	5.04	--  	58097072	  0.51	综合类	黑龙江	 1.79	5.04	58670	56493	  1.04	552	779	--  	      49878.19	
="600035"	楚天高速	0.79	2.54	0.02	2.53	2.54	50204	10	          0.00	          0.41	2.53	2.54	2.50	2.52	    11.89	12653778	  0.72	路桥	湖北	 1.59	2.52	25407	24797	  1.02	1072	5563	--  	     121114.82	
="300340"	科恒股份	0.79	17.89	0.14	17.87	17.89	14236	202	          0.39	          1.96	17.77	17.94	17.63	17.75	   857.54	25354070	  0.52	元器件	广东	 1.75	17.81	6506	7730	  0.84	7	130	--  	       7254.27	
="000600"	建投能源	0.79	6.40	0.05	6.39	6.40	53158	603	          0.00	          0.58	6.35	6.40	6.32	6.35	     5.99	33780992	  0.40	火力发电	河北	 1.26	6.35	24140	29018	  0.83	1210	722	--  	      91358.03	
="300185"	通裕重工	0.79	5.13	0.04	5.13	5.14	76319	599	          0.00	          1.09	5.07	5.14	5.06	5.09	    43.25	38957096	  0.40	工程机械	山东	 1.57	5.10	37925	38394	  0.99	761	1424	--  	      70145.13	
="600828"	成商集团	0.78	5.17	0.04	5.17	5.18	32896	50	          0.00	          0.58	5.15	5.18	5.11	5.13	    14.32	16934498	  0.74	百货	四川	 1.36	5.15	13759	19137	  0.72	309	946	--  	      56981.73	
="000402"	金 融 街	0.78	6.47	0.05	6.47	6.48	145400	1440	          0.15	          0.48	6.45	6.51	6.42	6.42	    26.50	94024248	  0.30	全国地产	北京	 1.40	6.47	62565	82835	  0.76	608	3017	--  	     302439.31	
="600182"	S佳通	0.78	18.16	0.14	18.16	18.17	22546	6	          0.00	          1.33	17.92	18.27	17.92	18.02	    24.59	40949392	  0.58	汽车配件	黑龙江	 1.94	18.16	12112	10434	  1.16	5	17	--  	      17000.00	
="600601"	方正科技	0.77	3.93	0.03	3.93	3.94	175468	10	          0.00	          0.80	3.90	3.94	3.86	3.90	    60.53	68534376	  0.48	电脑设备	上海	 2.05	3.91	108950	66518	  1.64	2473	3600	--  	     219489.13	
="601866"	中海集运	0.75	2.67	0.02	2.66	2.67	204277	76	          0.00	          0.26	2.67	2.69	2.65	2.65	   127.03	54487124	  0.32	水运	上海	 1.51	2.67	94926	109351	  0.87	15655	3268	--  	     793212.50	
="300080"	新大新材	0.75	9.46	0.07	9.46	9.47	75167	530	          0.00	          2.37	9.32	9.58	9.29	9.39	    50.77	71030104	  0.41	其他建材	河南	 3.09	9.45	41333	33834	  1.22	80	211	--  	      31731.83	
="000755"	*ST三维	0.73	4.14	0.03	4.14	4.15	34829	465	         -0.48	          0.74	4.10	4.17	4.10	4.11	    46.65	14414854	  0.53	化工原料	山西	 1.70	4.14	15883	18946	  0.84	1209	81	--  	      46924.89	
="002033"	丽江旅游	0.73	13.80	0.10	13.79	13.80	23401	371	          0.07	          1.19	13.69	13.81	13.42	13.70	    23.28	32031330	  0.40	旅游景点	云南	 2.85	13.69	13120	10281	  1.28	437	671	--  	      19658.59	
="000785"	武汉中商	0.73	6.94	0.05	6.93	6.94	22070	226	          0.00	          0.88	6.88	6.95	6.87	6.89	    29.42	15250529	  0.55	百货	湖北	 1.16	6.91	10292	11778	  0.87	122	59	--  	      25109.36	
="002680"	黄海机械	0.72	23.91	0.17	23.90	23.91	5014	52	          0.00	          2.09	23.80	23.95	23.66	23.74	    99.38	11936463	  0.44	工程机械	江苏	 1.22	23.80	2866	2148	  1.33	27	32	--  	       2399.22	
="600831"	广电网络	0.71	8.53	0.06	8.52	8.54	95450	5	         -0.11	          1.69	8.47	8.55	8.35	8.47	    30.99	80701344	  0.46	影视音像	陕西	 2.36	8.45	44632	50818	  0.88	232	1145	--  	      56343.85	
="002205"	国统股份	0.71	15.69	0.11	15.68	15.69	32461	902	          0.12	          2.79	15.70	15.75	15.42	15.58	    36.68	50614512	  0.80	其他建材	新疆	 2.12	15.59	16492	15969	  1.03	32	582	--  	      11615.20	
="002675"	东诚药业	0.71	19.99	0.14	19.97	19.99	9733	74	          0.05	          0.82	19.77	20.08	19.77	19.85	    31.26	19418828	  0.56	化学制药	山东	 1.56	19.95	4495	5238	  0.86	13	124	--  	      11869.20	
="000972"	新中基	0.70	4.31	0.03	4.30	4.31	209026	1538	          0.00	          2.71	4.25	4.38	4.13	4.28	--  	88710648	  0.83	食品	新疆	 5.84	4.24	115522	93504	  1.24	1754	2331	--  	      77128.35	
="600318"	巢东股份	0.70	10.07	0.07	10.06	10.08	28913	18	          0.00	          1.19	9.98	10.08	9.89	10.00	    11.96	28886176	  0.63	水泥	安徽	 1.90	9.99	13795	15118	  0.91	437	319	--  	      24200.00	
="000410"	沈阳机床	0.69	7.28	0.05	7.27	7.28	86143	1638	          0.00	          1.17	7.20	7.29	7.19	7.23	   151.94	62463748	  0.59	机床制造	辽宁	 1.38	7.25	47210	38933	  1.21	1500	42	--  	      73877.59	
="600265"	ST景谷	0.69	10.21	0.07	10.16	10.20	9271	9	          0.19	          0.71	10.15	10.29	10.01	10.14	--  	9385406	  0.90	林业	云南	 2.76	10.12	5230	4041	  1.29	20	19	--  	      12980.00	
="600283"	钱江水利	0.69	8.77	0.06	8.78	8.79	28827	44	          0.00	          1.01	8.72	8.79	8.61	8.71	   254.19	25051140	  0.44	水务	浙江	 2.07	8.69	14902	13925	  1.07	68	268	--  	      28533.00	
="002223"	鱼跃医疗	0.69	27.79	0.19	27.78	27.79	18764	68	          0.00	          0.42	27.60	28.08	27.50	27.60	    38.45	51952768	  0.25	医疗保健	江苏	 2.10	27.69	8632	10132	  0.85	6	601	--  	      44566.17	
="600012"	皖通高速	0.69	4.40	0.03	4.40	4.41	22273	4	          0.22	          0.19	4.37	4.43	4.37	4.37	     8.32	9799440	  0.72	路桥	安徽	 1.37	4.40	10219	12054	  0.85	71	189	--  	     116560.00	
="600233"	大杨创世	0.69	10.28	0.07	10.27	10.28	14605	36	          0.09	          0.89	10.22	10.29	10.19	10.21	    36.12	14941733	  0.71	服饰	辽宁	 0.98	10.23	7549	7056	  1.07	48	256	--  	      16500.00	
="600017"	日照港	0.68	2.95	0.02	2.94	2.95	150816	216	          0.34	          0.57	2.93	2.95	2.90	2.93	    11.30	44087280	  0.33	港口	山东	 1.71	2.92	83224	67592	  1.23	3049	2442	--  	     263063.16	
="600979"	广安爱众	0.68	5.93	0.04	5.92	5.93	67505	60	          0.67	          0.94	5.85	5.95	5.67	5.89	    39.00	38923816	  0.51	水力发电	四川	 4.75	5.77	36805	30700	  1.20	82	5	--  	      71789.21	
="600219"	南山铝业	0.68	5.94	0.04	5.93	5.94	120932	51	          0.16	          0.63	5.89	5.96	5.84	5.90	    17.76	71223184	  0.65	铝	山东	 2.03	5.89	52458	68474	  0.77	443	149	--  	     193417.06	
="600004"	白云机场	0.68	7.44	0.05	7.43	7.44	44778	28	         -0.13	          0.39	7.42	7.48	7.30	7.39	     8.59	33105848	  0.53	机场	广东	 2.44	7.39	17461	27317	  0.64	46	26	--  	     115000.00	
="601628"	中国人寿	0.67	14.96	0.10	14.96	14.97	45936	33	         -0.06	          0.02	14.91	14.99	14.81	14.86	    11.49	68435104	  0.42	保险	北京	 1.21	14.90	19844	26092	  0.76	71	425	--  	    2082353.00	
="600719"	大连热电	0.66	7.57	0.05	7.56	7.57	25604	87	          0.13	          1.27	7.52	7.57	7.43	7.52	    40.31	19216830	  0.48	供气供热	辽宁	 1.86	7.51	15081	10523	  1.43	247	849	--  	      20229.98	
="002324"	普利特	0.66	16.66	0.11	16.66	16.70	13355	430	         -0.23	          0.86	16.55	16.90	16.54	16.55	    22.79	22408090	  0.64	塑料	上海	 2.18	16.78	6733	6622	  1.02	31	1	--  	      15582.66	
="002206"	海 利 得	0.65	7.80	0.05	7.80	7.81	26352	403	         -0.25	          0.78	7.69	7.85	7.66	7.75	    19.11	20478564	  0.43	化纤	浙江	 2.45	7.77	12621	13731	  0.92	652	261	--  	      33630.10	
="002092"	中泰化学	0.64	7.85	0.05	7.85	7.86	180477	2067	          0.00	          1.56	7.76	7.89	7.63	7.80	    30.39	139941328	  0.72	化工原料	新疆	 3.33	7.75	88196	92281	  0.96	93	831	--  	     115396.17	
="002485"	希努尔	0.64	7.90	0.05	7.89	7.90	20631	599	          0.38	          0.64	7.83	7.94	7.83	7.85	--  	16273980	  0.58	服饰	山东	 1.40	7.89	8776	11855	  0.74	99	176	--  	      32000.00	
="002586"	围海股份	0.63	12.76	0.08	12.75	12.76	16314	1000	          0.31	          0.58	12.70	12.83	12.63	12.68	    77.75	20737480	  0.27	建筑施工	浙江	 1.58	12.71	8616	7698	  1.12	6	122	--  	      28001.89	
="000718"	苏宁环球	0.61	4.92	0.03	4.91	4.92	58852	1067	          0.00	          0.40	4.90	4.94	4.83	4.89	   103.10	28790856	  0.26	区域地产	吉林	 2.25	4.89	30481	28371	  1.07	136	657	--  	     146984.73	
="600303"	曙光股份	0.60	5.03	0.03	5.03	5.04	35962	18	          0.00	          0.63	5.00	5.06	5.00	5.00	   713.33	18060968	  0.48	汽车整车	辽宁	 1.20	5.02	18798	17164	  1.10	456	888	--  	      57450.60	
="000837"	秦川发展	0.60	8.40	0.05	8.40	8.41	48163	438	          0.11	          1.38	8.34	8.43	8.26	8.35	--  	40217472	  0.59	机床制造	陕西	 2.04	8.35	26295	21868	  1.20	651	675	--  	      34852.50	
="002031"	巨轮股份	0.60	8.45	0.05	8.44	8.45	46204	1162	          0.00	          1.11	8.36	8.47	8.27	8.40	    24.72	38664584	  0.74	汽车配件	广东	 2.38	8.37	20869	25335	  0.82	306	520	--  	      41634.51	
="002201"	九鼎新材	0.58	10.37	0.06	10.36	10.37	19908	84	          0.09	          1.19	10.19	10.38	10.19	10.31	   390.95	20516176	  0.70	玻璃	江苏	 1.84	10.31	12050	7858	  1.53	2	64	--  	      16743.57	
="000540"	中天城投	0.58	6.96	0.04	6.95	6.96	176884	1512	          0.00	          1.38	6.90	6.98	6.82	6.92	     4.65	122054560	  0.69	区域地产	贵州	 2.31	6.90	83907	92977	  0.90	1422	712	--  	     127855.75	
="600683"	京投银泰	0.58	5.24	0.03	5.24	5.25	66087	10	          0.19	          0.89	5.13	5.25	5.12	5.21	--  	34222168	  0.58	区域地产	浙江	 2.50	5.18	38110	27977	  1.36	114	315	--  	      74077.75	
="600865"	百大集团	0.58	6.99	0.04	6.99	7.00	32764	50	          0.28	          0.87	6.95	7.00	6.90	6.95	    14.20	22816452	  0.47	百货	浙江	 1.44	6.96	16170	16594	  0.97	63	1036	--  	      37624.03	
="002692"	远程电缆	0.57	8.75	0.05	8.74	8.75	20560	1078	          0.11	          1.91	8.71	8.78	8.66	8.70	    27.98	17921540	  0.39	电气设备	江苏	 1.38	8.72	9923	10637	  0.93	15	26	--  	      10792.58	
="600577"	精达股份	0.55	5.44	0.03	5.44	5.45	100785	10	          0.55	          1.42	5.42	5.45	5.07	5.41	    31.14	53304236	  1.65	电气设备	安徽	 7.02	5.29	58826	41959	  1.40	28	707	--  	      70956.56	
="600882"	华联矿业	0.55	9.07	0.05	9.09	9.10	166489	20	          0.77	          5.90	8.92	9.14	8.70	9.02	    13.81	148298000	  1.04	普钢	山东	 4.88	8.91	86316	80173	  1.08	169	1480	--  	      28209.88	
="600851"	海欣股份	0.55	7.28	0.04	7.27	7.28	71754	7	          0.13	          0.97	7.20	7.32	7.19	7.24	   215.84	52130380	  0.78	纺织	上海	 1.80	7.27	34870	36884	  0.95	3	263	--  	      73820.60	
="000818"	方大化工	0.55	3.65	0.02	3.64	3.65	80674	468	          0.27	          1.95	3.63	3.66	3.61	3.63	    46.05	29289152	  0.75	化工原料	辽宁	 1.38	3.63	43677	36997	  1.18	4241	2736	--  	      41382.21	
="002097"	山河智能	0.55	9.13	0.05	9.13	9.14	122660	1341	          0.21	          3.75	9.04	9.17	8.87	9.08	   163.16	110982944	  0.55	工程机械	湖南	 3.30	9.05	63378	59282	  1.07	872	765	--  	      32744.49	
="300079"	数码视讯	0.55	12.91	0.07	12.90	12.91	92924	3166	          0.15	          1.59	12.79	12.93	12.71	12.84	    48.50	119319024	  0.53	通信设备	北京	 1.71	12.84	44570	48354	  0.92	4313	464	--  	      58337.73	
="600624"	复旦复华	0.54	12.98	0.07	12.98	12.99	71903	5	          0.30	          2.08	12.91	13.03	12.83	12.91	   157.99	93021512	  0.36	综合类	上海	 1.55	12.94	47719	24184	  1.97	54	547	--  	      34515.50	
="000762"	西藏矿业	0.53	15.23	0.08	15.23	15.24	82414	900	          0.00	          1.73	15.16	15.34	14.83	15.15	--  	124514088	  0.53	小金属	西藏	 3.37	15.11	43516	38898	  1.12	267	254	--  	      47597.48	
="600267"	海正药业	0.52	15.60	0.08	15.59	15.60	54219	252	          0.12	          0.65	15.55	15.61	15.40	15.52	    38.62	84020264	  0.56	化学制药	浙江	 1.35	15.50	31375	22844	  1.37	4	46	--  	      83970.90	
="002272"	川润股份	0.51	5.87	0.03	5.86	5.87	50042	584	          0.34	          1.64	5.84	5.89	5.77	5.84	   239.90	29220276	  0.49	机械基件	四川	 2.05	5.84	27305	22737	  1.20	36	587	--  	      30572.97	
="600135"	乐凯胶片	0.51	11.85	0.06	11.84	11.85	50573	273	          0.33	          1.48	11.70	11.92	11.69	11.79	   106.09	59793908	  0.74	化工原料	河北	 1.95	11.82	22314	28259	  0.79	52	65	--  	      34200.00	
="300258"	精锻科技	0.50	16.10	0.08	16.10	16.11	10134	38	          0.18	          0.61	16.00	16.16	16.00	16.02	    23.18	16263842	  0.55	汽车配件	江苏	 1.00	16.05	5981	4153	  1.44	5	135	--  	      16592.81	
="600581"	八一钢铁	0.50	4.03	0.02	4.02	4.03	61945	308	          0.24	          0.81	4.01	4.04	3.96	4.01	--  	24794744	  0.65	普钢	新疆	 2.00	4.00	32279	29666	  1.09	1188	549	--  	      76644.89	
="600192"	长城电工	0.50	10.15	0.05	10.16	10.17	69246	160	          0.39	          1.57	10.12	10.18	9.93	10.10	    38.56	69837456	  0.67	电气设备	甘肃	 2.48	10.09	37523	31723	  1.18	177	286	--  	      44174.80	
="002367"	康力电梯	0.49	8.15	0.04	8.15	8.16	38086	114	          0.00	          0.86	8.15	8.16	8.05	8.11	    19.66	30901194	  0.72	运输设备	江苏	 1.36	8.11	19845	18241	  1.09	191	197	--  	      44518.73	
="600068"	葛洲坝	0.49	4.10	0.02	4.10	4.11	218431	23	          0.00	          0.63	4.09	4.11	4.06	4.08	     7.49	89143224	  0.69	建筑施工	湖北	 1.23	4.08	96206	122225	  0.79	1154	13867	--  	     348745.91	
="600195"	中牧股份	0.48	14.67	0.07	14.66	14.68	17791	31	          0.20	          0.46	14.60	14.77	14.48	14.60	    20.67	25983244	  0.57	饲料	北京	 1.99	14.60	9663	8128	  1.19	10	62	--  	      39000.00	
="600191"	华资实业	0.47	6.35	0.03	6.34	6.35	26638	10	         -0.15	          0.55	6.32	6.39	6.26	6.32	   349.83	16841628	  0.67	食品	内蒙	 2.06	6.32	14862	11776	  1.26	605	9	--  	      48493.19	
="600567"	山鹰纸业	0.47	2.16	0.01	2.15	2.16	172259	400	          0.46	          1.09	2.14	2.16	2.13	2.15	    41.45	36935040	  0.41	造纸	安徽	 1.40	2.14	99850	72409	  1.38	5821	8535	--  	     158601.70	
="002477"	雏鹰农牧	0.45	11.20	0.05	11.20	11.21	29147	702	          0.53	          0.61	11.15	11.24	10.98	11.15	--  	32349164	  0.35	农业综合	河南	 2.33	11.10	18136	11011	  1.65	24	117	--  	      47586.83	
="600816"	安信信托	0.45	17.97	0.08	17.96	17.98	42871	50	          0.05	          0.94	17.83	17.99	17.73	17.89	     7.44	76713872	  0.62	多元金融	上海	 1.45	17.89	21640	21231	  1.02	66	33	--  	      45384.98	
="600172"	黄河旋风	0.41	7.28	0.03	7.27	7.28	79512	16	          0.00	          1.60	7.20	7.39	7.19	7.25	    17.08	57764808	  0.79	矿物制品	河南	 2.76	7.26	42261	37251	  1.13	313	682	--  	      49667.83	
="000850"	华茂股份	0.40	4.98	0.02	4.98	4.99	39521	966	          0.40	          0.42	4.95	4.99	4.92	4.96	    87.00	19578652	  0.42	纺织	安徽	 1.41	4.95	20849	18672	  1.12	962	745	--  	      94316.21	
="601003"	柳钢股份	0.40	2.53	0.01	2.52	2.53	49587	5	          0.39	          0.19	2.51	2.53	2.46	2.52	    16.21	12422872	  0.52	普钢	广西	 2.78	2.51	24123	25464	  0.95	1214	278	--  	     256279.31	
="002452"	长高集团	0.37	10.81	0.04	10.80	10.81	29639	385	          0.00	          1.95	10.74	11.06	10.74	10.77	    30.66	32374074	  0.53	电气设备	湖南	 2.97	10.92	15137	14502	  1.04	102	61	--  	      15237.00	
="600281"	太化股份	0.36	5.52	0.02	5.51	5.52	17061	47	          0.18	          0.33	5.50	5.54	5.44	5.50	  1125.53	9383871	  0.42	化工原料	山西	 1.82	5.50	10111	6950	  1.45	507	398	--  	      51440.19	
="002598"	山东章鼓	0.36	8.43	0.03	8.43	8.44	48467	885	          0.00	          1.84	8.39	8.46	8.26	8.40	    35.36	40510264	  0.69	机械基件	山东	 2.38	8.36	26876	21591	  1.24	208	309	--  	      26322.46	
="300178"	腾邦国际	0.36	19.77	0.07	19.76	19.77	39905	596	          0.25	          2.59	19.55	19.84	19.33	19.70	    41.39	78281704	  0.50	旅游服务	深圳	 2.59	19.62	21648	18257	  1.19	630	80	--  	      15392.00	
="300179"	四方达	0.33	9.02	0.03	9.02	9.03	17337	398	          0.11	          1.30	8.98	9.03	8.89	8.99	    60.18	15579155	  0.48	矿物制品	河南	 1.56	8.99	7767	9570	  0.81	352	200	--  	      13301.12	
="002068"	黑猫股份	0.33	6.04	0.02	6.03	6.04	46346	758	          0.16	          0.97	6.00	6.07	5.90	6.02	    48.51	27748604	  0.44	化工原料	江西	 2.82	5.99	23630	22716	  1.04	268	649	--  	      47969.92	
="002173"	千足珍珠	0.33	12.18	0.04	12.18	12.20	17533	383	          0.49	          1.62	12.05	12.30	11.98	12.14	   158.90	21290180	  0.60	农业综合	浙江	 2.64	12.14	9965	7568	  1.32	2538	16	--  	      10804.87	
="600308"	华泰股份	0.33	3.05	0.01	3.05	3.06	67120	15	          0.32	          0.57	3.04	3.06	3.02	3.04	    31.48	20404444	  0.53	造纸	山东	 1.32	3.04	37290	29830	  1.25	1527	3026	--  	     116756.14	
="600133"	东湖高新	0.32	6.23	0.02	6.23	6.24	49825	50	          0.16	          1.17	6.20	6.24	6.16	6.21	    32.88	30924196	  0.27	园区开发	湖北	 1.29	6.21	27687	22138	  1.25	104	1493	--  	      42661.67	
="000728"	国元证券	0.31	12.94	0.04	12.94	12.95	229883	6881	          0.15	          1.17	12.99	13.04	12.65	12.90	    20.93	295499200	  0.54	证券	安徽	 3.02	12.85	117421	112462	  1.04	547	1265	--  	     196410.00	
="002522"	浙江众成	0.31	9.80	0.03	9.80	9.81	40732	452	         -0.20	          1.82	9.74	9.88	9.51	9.77	    89.65	39517772	  0.87	塑料	浙江	 3.79	9.70	22039	18693	  1.18	95	946	--  	      22336.58	
="002372"	伟星新材	0.30	13.29	0.04	13.29	13.30	14479	1134	          0.07	          0.38	13.21	13.31	13.15	13.25	    17.74	19160884	  0.74	其他建材	浙江	 1.21	13.23	6632	7847	  0.85	47	432	--  	      38494.82	
="002662"	京威股份	0.29	10.53	0.03	10.53	10.54	24164	259	          0.00	          1.61	10.47	10.54	10.29	10.50	    19.23	25189140	  0.24	汽车配件	北京	 2.38	10.42	11697	12467	  0.94	134	81	--  	      14998.71	
="000591"	桐 君 阁	0.27	11.00	0.03	10.99	11.00	35354	887	          0.36	          1.29	10.90	11.14	10.81	10.97	    79.92	38813900	  0.38	医药连锁	重庆	 3.01	10.98	20521	14833	  1.38	10	191	--  	      27463.09	
="000089"	深圳机场	0.25	4.06	0.01	4.05	4.06	23326	270	          0.00	          0.14	4.04	4.06	4.03	4.05	    27.00	9438259	  0.34	机场	深圳	 0.74	4.05	14682	8644	  1.70	1958	263	--  	     169172.77	
="000338"	潍柴动力	0.24	20.48	0.05	20.47	20.48	90480	1460	          0.19	          0.93	20.40	20.52	20.24	20.43	     9.70	184624752	  0.86	汽车配件	山东	 1.37	20.40	46009	44471	  1.03	545	85	--  	      97104.90	
="600963"	岳阳林纸	0.24	4.20	0.01	4.20	4.21	99003	100	          0.00	          1.17	4.22	4.31	4.14	4.19	--  	41649720	  0.49	造纸	湖南	 4.06	4.21	64056	34947	  1.83	816	507	--  	      84315.90	
="002554"	惠博普	0.23	12.98	0.03	12.98	12.99	29983	652	          0.15	          1.54	12.95	13.00	12.73	12.95	    54.05	38630756	  0.35	石油开采	北京	 2.08	12.88	15950	14033	  1.14	185	288	--  	      19435.22	
="002616"	长青集团	0.22	17.92	0.04	17.91	17.92	6937	100	          0.11	          1.82	17.84	17.92	17.74	17.88	    82.61	12380239	  0.40	环境保护	广东	 1.01	17.85	2647	4290	  0.62	29	25	--  	       3811.00	
="000707"	双环科技	0.20	4.89	0.01	4.88	4.89	89585	634	          0.00	          1.93	4.85	4.90	4.79	4.88	    94.90	43460324	  0.75	化工原料	湖北	 2.25	4.85	45940	43645	  1.05	330	1077	--  	      46414.33	
="600386"	北巴传媒	0.20	10.17	0.02	10.16	10.17	63115	69	          0.09	          1.57	10.13	10.19	9.87	10.15	    23.02	63296808	  0.50	公共交通	北京	 3.15	10.03	33281	29834	  1.12	138	20	--  	      40320.00	
="000967"	上风高科	0.19	10.28	0.02	10.27	10.28	27979	272	          0.19	          1.14	10.22	10.46	9.91	10.26	    56.58	28468632	  0.99	电气设备	浙江	 5.36	10.17	17329	10650	  1.63	7	21	--  	      24576.49	
="002623"	亚玛顿	0.19	21.24	0.04	21.24	21.28	8874	49	          0.04	          1.17	21.15	21.32	21.09	21.20	    89.29	18827042	  0.50	玻璃	江苏	 1.08	21.22	4945	3929	  1.26	25	11	--  	       7600.00	
="600028"	中国石化	0.18	5.53	0.01	5.53	5.54	525026	1	          0.00	          0.06	5.53	5.58	5.49	5.52	    10.27	290115552	  0.46	石油加工	北京	 1.63	5.53	227494	297532	  0.76	590	9340	--  	    9128210.00	
="002263"	大 东 南	0.17	5.94	0.01	5.93	5.94	101929	1340	          0.16	          1.36	5.91	5.94	5.83	5.93	--  	59992072	  0.49	塑料	浙江	 1.85	5.89	54625	47304	  1.15	154	861	--  	      74898.68	
="600242"	中昌海运	0.15	6.69	0.01	6.69	6.70	46298	16	          0.14	          1.73	6.67	6.80	6.59	6.68	--  	30981810	  0.55	水运	广东	 3.14	6.69	20810	25488	  0.82	41	89	--  	      26696.25	
="002371"	七星电子	0.13	22.60	0.03	22.59	22.60	10553	90	          0.04	          0.32	22.58	22.76	22.50	22.57	   198.32	23835178	  0.47	半导体	北京	 1.15	22.58	5145	5408	  0.95	110	90	--  	      33281.44	
="600511"	国药股份	0.12	24.92	0.03	24.91	24.97	17675	1	          0.08	          0.64	24.73	25.12	24.70	24.89	    24.45	44103056	  0.72	医药连锁	北京	 1.69	24.95	8982	8693	  1.03	56	68	--  	      27764.33	
="600509"	天富能源	0.11	8.82	0.01	8.81	8.82	84792	3	          0.11	          1.01	8.77	8.86	8.67	8.81	    21.45	74445392	  0.58	火力发电	新疆	 2.16	8.78	45248	39544	  1.14	511	333	--  	      83869.65	
="000788"	北大医药	0.11	18.26	0.02	18.26	18.27	32007	694	         -0.21	          0.57	18.20	18.39	18.01	18.24	   134.63	58348088	  0.31	化学制药	重庆	 2.08	18.23	16791	15216	  1.10	325	19	--  	      55877.44	
="600807"	天业股份	0.11	9.35	0.01	9.34	9.35	23518	3	         -0.10	          0.76	9.35	9.42	9.24	9.34	   172.87	21925876	  0.58	区域地产	山东	 1.93	9.32	12121	11397	  1.06	35	82	--  	      30788.75	
="600401"	海润光伏	0.11	9.47	0.01	9.47	9.48	129611	30	          1.71	          3.65	9.18	9.48	9.13	9.46	--  	120255784	  0.79	半导体	江苏	 3.70	9.28	63207	66404	  0.95	12501	1389	--  	      35478.37	
="000615"	湖北金环	0.10	10.51	0.01	10.50	10.51	31624	878	          0.00	          1.49	10.50	10.54	10.27	10.50	   460.45	32890008	  0.42	化纤	湖北	 2.57	10.40	16664	14960	  1.11	428	231	--  	      21167.25	
="600007"	中国国贸	0.09	11.02	0.01	11.00	11.02	16458	26	          0.27	          0.16	10.95	11.13	10.85	11.01	    20.70	18140740	  0.77	园区开发	北京	 2.54	11.02	3969	12489	  0.32	98	845	--  	     100728.25	
="002081"	金 螳 螂	0.06	16.65	0.01	16.65	16.66	66797	345	         -0.29	          0.40	16.64	16.74	16.45	16.64	    18.05	110788488	  0.52	装修装饰	江苏	 1.74	16.59	34797	32000	  1.09	199	578	--  	     165806.23	
="601567"	三星电气	0.00	14.37	0.00	--  	--  	0	0	          0.00	          0.00	--  	--  	--  	14.37	    27.85	0	  0.00	电器仪表	浙江	 0.00	14.37	0	0	--  	0	0	--  	      34425.00	
="600986"	科达股份	0.00	7.05	0.00	--  	--  	0	0	          0.00	          0.00	--  	--  	--  	7.05	    95.92	0	  0.00	建筑施工	山东	 0.00	7.05	0	0	--  	0	0	--  	      33526.96	
="600981"	汇鸿股份	0.00	4.21	0.00	--  	--  	0	0	          0.00	          0.00	--  	--  	--  	4.21	   109.50	0	  0.00	商贸代理	江苏	 0.00	4.21	0	0	--  	0	0	--  	      51610.64	
="600962"	国投中鲁	0.00	7.38	0.00	--  	--  	0	0	          0.00	          0.00	--  	--  	--  	7.38	--  	0	  0.00	软饮料	北京	 0.00	7.38	0	0	--  	0	0	--  	      25402.00	
="600876"	洛阳玻璃	0.00	7.24	0.00	--  	--  	0	0	          0.00	          0.00	--  	--  	--  	7.24	    56.10	0	  0.00	玻璃	河南	 0.00	7.24	0	0	--  	0	0	--  	      25001.82	
="600847"	万里股份	0.00	18.19	0.00	--  	--  	0	0	          0.00	          0.00	--  	--  	--  	18.19	   622.58	0	  0.00	电气设备	重庆	 0.00	18.19	0	0	--  	0	0	--  	       8866.00	
="600845"	宝信软件	0.00	30.49	0.00	--  	--  	0	0	          0.00	          0.00	--  	--  	--  	30.49	    41.64	0	  0.00	软件服务	上海	 0.00	30.49	0	0	--  	0	0	--  	      22651.73	
="600826"	兰生股份	0.00	17.89	0.00	17.89	17.90	16808	306	          0.22	          0.40	17.89	18.00	17.65	17.89	    91.30	29930966	  0.40	商贸代理	上海	 1.96	17.81	8475	8333	  1.02	20	593	--  	      42064.23	
="600572"	康恩贝	0.00	16.42	0.00	16.41	16.42	28746	17	          0.12	          0.41	16.40	16.45	16.24	16.42	    23.06	46947136	  0.75	中成药	浙江	 1.28	16.33	18777	9969	  1.88	45	133	--  	      70095.61	
="600540"	新赛股份	0.00	6.68	0.00	6.68	6.69	81499	209	          0.00	          2.69	6.64	6.70	6.48	6.68	   129.54	53742580	  1.06	种植业	新疆	 3.29	6.59	39059	42440	  0.92	574	587	--  	      30270.84	
="600523"	贵航股份	0.00	16.89	0.00	--  	--  	0	0	          0.00	          0.00	--  	--  	--  	16.89	    52.14	0	  0.00	汽车配件	贵州	 0.00	16.89	0	0	--  	0	0	--  	      28860.33	
="600497"	驰宏锌锗	0.00	10.39	0.00	--  	--  	0	0	          0.00	          0.00	--  	--  	--  	10.39	    91.83	0	  0.00	铅锌	云南	 0.00	10.39	0	0	--  	0	0	--  	     166756.09	
="600393"	东华实业	0.00	6.49	0.00	6.49	6.50	15870	110	          0.46	          0.55	6.47	6.50	6.41	6.49	   249.26	10263661	  0.47	全国地产	广东	 1.39	6.47	6418	9452	  0.68	2169	576	--  	      28950.50	
="600241"	时代万恒	0.00	8.28	0.00	--  	--  	0	0	          0.00	          0.00	--  	--  	--  	8.28	--  	0	  0.00	商贸代理	辽宁	 0.00	8.28	0	0	--  	0	0	--  	      18020.00	
="600175"	美都控股	0.00	6.68	0.00	6.67	6.68	141212	20	          0.00	          0.98	6.71	6.72	6.60	6.68	--  	94132328	  0.60	全国地产	浙江	 1.80	6.67	80964	60248	  1.34	3081	455	--  	     143984.31	
="600146"	大元股份	0.00	11.52	0.00	--  	--  	0	0	          0.00	          0.00	--  	--  	--  	11.52	--  	0	  0.00	塑料	宁夏	 0.00	11.52	0	0	--  	0	0	--  	      20000.00	
="600054"	黄山旅游	0.00	13.80	0.00	--  	--  	0	0	          0.00	          0.00	--  	--  	--  	13.80	    28.89	0	  0.00	旅游景点	安徽	 0.00	13.80	0	0	--  	0	0	--  	      11762.00	
="300230"	永利带业	--  	0.00	--  	--  	--  	0	0	--  	          0.00	--  	--  	--  	9.63	    37.74	0	  0.00	塑料	上海	 0.00	9.63	0	0	--  	0	0	--  	      10127.07	
="300194"	福安药业	--  	0.00	--  	--  	--  	0	0	--  	          0.00	--  	--  	--  	21.58	    84.71	0	  0.00	化学制药	重庆	 0.00	21.58	0	0	--  	0	0	--  	      12880.26	
="300143"	星河生物	--  	0.00	--  	--  	--  	0	0	--  	          0.00	--  	--  	--  	11.70	--  	0	  0.00	种植业	广东	 0.00	11.70	0	0	--  	0	0	--  	      10587.91	
="300113"	顺网科技	0.00	28.10	0.00	28.09	28.10	93787	1002	          0.00	          5.50	28.50	28.99	27.20	28.10	   108.73	263748448	  1.16	互联网	浙江	 6.37	28.12	42940	50847	  0.84	31	1731	--  	      17038.96	
="300013"	新宁物流	--  	0.00	--  	--  	--  	0	0	--  	          0.00	--  	--  	--  	9.26	   315.91	0	  0.00	仓储物流	江苏	 0.00	9.26	0	0	--  	0	0	--  	      18000.00	
="002568"	百润股份	--  	0.00	--  	--  	--  	0	0	--  	          0.00	--  	--  	--  	18.08	    44.59	0	  0.00	食品	上海	 0.00	18.08	0	0	--  	0	0	--  	      10861.00	
="002509"	天广消防	--  	0.00	--  	--  	--  	0	0	--  	          0.00	--  	--  	--  	12.27	    49.43	0	  0.00	专用机械	福建	 0.00	12.27	0	0	--  	0	0	--  	      23109.89	
="002406"	远东传动	--  	0.00	--  	--  	--  	0	0	--  	          0.00	--  	--  	--  	10.83	    19.87	0	  0.00	汽车配件	河南	 0.00	10.83	0	0	--  	0	0	--  	      17661.66	
="002392"	北京利尔	0.00	10.57	0.00	10.56	10.57	37625	137	         -0.09	          1.50	10.55	10.58	10.37	10.57	    26.35	39384524	  0.61	其他建材	北京	 1.99	10.47	23219	14406	  1.61	108	64	--  	      25068.18	
="002383"	合众思壮	--  	0.00	--  	--  	--  	0	0	--  	          0.00	--  	--  	--  	26.75	--  	0	  0.00	通信设备	北京	 0.00	26.75	0	0	--  	0	0	--  	      10961.57	
="002330"	得利斯	--  	0.00	--  	--  	--  	0	0	--  	          0.00	--  	--  	--  	7.68	    62.48	0	  0.00	食品	山东	 0.00	7.68	0	0	--  	0	0	--  	      37228.00	
="002303"	美盈森	--  	0.00	--  	--  	--  	0	0	--  	          0.00	--  	--  	--  	14.24	    45.78	0	  0.00	造纸	深圳	 0.00	14.24	0	0	--  	0	0	--  	      36014.83	
="002175"	广陆数测	--  	0.00	--  	--  	--  	0	0	--  	          0.00	--  	--  	--  	19.01	   144.73	0	  0.00	电器仪表	广西	 0.00	19.01	0	0	--  	0	0	--  	      10624.57	
="002103"	广博股份	--  	0.00	--  	--  	--  	0	0	--  	          0.00	--  	--  	--  	10.18	   196.01	0	  0.00	文教休闲	浙江	 0.00	10.18	0	0	--  	0	0	--  	      17095.44	
="002073"	软控股份	--  	0.00	--  	--  	--  	0	0	--  	          0.00	--  	--  	--  	10.23	    34.89	0	  0.00	软件服务	山东	 0.00	10.23	0	0	--  	0	0	--  	      61879.48	
="002053"	云南盐化	--  	0.00	--  	--  	--  	0	0	--  	          0.00	--  	--  	--  	10.94	   403.33	0	  0.00	化工原料	云南	 0.00	10.94	0	0	--  	0	0	--  	      18585.10	
="002036"	宜科科技	0.00	8.47	0.00	8.47	8.48	15815	435	          0.00	          0.80	8.46	8.53	8.43	8.47	   119.93	13402090	  0.57	服饰	浙江	 1.18	8.47	7896	7919	  1.00	190	156	--  	      19791.78	
="002016"	世荣兆业	0.00	8.13	0.00	8.12	8.13	59794	1225	          0.12	          0.93	8.11	8.18	7.99	8.13	    66.59	48362212	  0.69	区域地产	广东	 2.34	8.09	31573	28221	  1.12	1258	54	--  	      64609.46	
="000998"	隆平高科	--  	0.00	--  	--  	--  	0	0	--  	          0.00	--  	--  	--  	13.70	    51.69	0	  0.00	种植业	湖南	 0.00	13.70	0	0	--  	0	0	--  	      83123.59	
="000807"	云铝股份	0.00	4.79	0.00	4.79	4.80	108805	2243	         -0.20	          0.71	4.77	4.81	4.64	4.79	--  	51411676	  0.63	铝	云南	 3.55	4.73	57401	51404	  1.12	647	856	--  	     153910.02	
="000702"	正虹科技	0.00	7.43	0.00	7.42	7.43	35990	215	          0.13	          1.35	7.42	7.58	7.36	7.43	   191.22	26822432	  0.50	饲料	湖南	 2.96	7.45	19705	16285	  1.21	65	251	--  	      26663.19	
="000629"	攀钢钒钛	0.00	2.37	0.00	2.37	2.38	348038	5714	          0.00	          0.73	2.36	2.38	2.35	2.37	    12.59	82362320	  0.51	普钢	四川	 1.27	2.37	184540	163498	  1.13	33239	24518	--  	     476729.22	
="000599"	青岛双星	0.00	5.02	0.00	5.01	5.02	36418	963	          0.00	          0.69	5.01	5.04	4.97	5.02	    51.27	18250582	  0.57	汽车配件	山东	 1.39	5.01	17809	18609	  0.96	923	1086	--  	      52478.60	
="000018"	中冠A	--  	0.00	--  	--  	--  	0	0	--  	          0.00	--  	--  	--  	10.44	  1196.05	0	  0.00	纺织	深圳	 0.00	10.44	0	0	--  	0	0	--  	       9972.04	
="600733"	S前锋	-0.03	29.86	-0.01	29.85	29.87	8971	10	         -0.06	          1.19	29.81	30.14	29.62	29.87	   422.96	26858904	  0.75	区域地产	四川	 1.74	29.94	4253	4718	  0.90	22	15	--  	       7560.00	
="600137"	浪莎股份	-0.06	16.98	-0.01	16.99	17.00	11433	10	         -0.05	          1.18	17.07	17.15	16.80	16.99	   151.48	19383272	  0.60	服饰	四川	 2.06	16.95	5822	5611	  1.04	25	45	--  	       9721.75	
="002167"	东方锆业	-0.07	15.24	-0.01	15.23	15.24	387525	3328	         -0.06	         12.29	15.60	15.95	14.80	15.25	--  	593231104	  2.16	小金属	广东	 7.54	15.31	190125	197400	  0.96	217	37	--  	      31540.67	
="600872"	中炬高新	-0.09	10.79	-0.01	10.79	10.80	60601	10	         -0.09	          0.76	10.80	10.83	10.62	10.80	    28.07	65096000	  0.75	食品	广东	 1.94	10.74	41047	19554	  2.10	936	207	--  	      79663.71	
="600836"	界龙实业	-0.10	10.18	-0.01	10.17	10.19	53229	20	          0.09	          1.70	10.17	10.25	10.09	10.19	   390.20	54080728	  0.47	广告包装	上海	 1.57	10.16	27146	26083	  1.04	162	27	--  	      31356.33	
="600297"	美罗药业	-0.11	8.82	-0.01	8.82	8.83	68150	25	          0.00	          1.95	8.88	9.05	8.77	8.83	    97.77	60552016	  0.48	化学制药	辽宁	 3.17	8.89	35009	33141	  1.06	29	18	--  	      35000.00	
="000708"	大冶特钢	-0.13	7.50	-0.01	7.50	7.51	46029	216	          0.13	          1.03	7.48	7.58	7.41	7.51	    12.80	34463308	  0.65	特钢	湖北	 2.26	7.49	20867	25162	  0.83	375	266	--  	      44712.57	
="600496"	精工钢构	-0.14	7.39	-0.01	7.39	7.40	27880	13	         -0.13	          0.48	7.39	7.44	7.37	7.40	    18.81	20625870	  0.66	钢加工	安徽	 0.95	7.40	15483	12397	  1.25	245	275	--  	      58656.60	
="002165"	红 宝 丽	-0.17	5.93	-0.01	5.93	5.94	55470	1140	          0.00	          1.05	5.95	5.96	5.84	5.94	    28.84	32751708	  0.62	化工原料	江苏	 2.02	5.90	31971	23499	  1.36	805	545	--  	      52725.80	
="300218"	安利股份	-0.18	11.27	-0.02	11.25	11.27	12569	80	          0.53	          0.77	11.29	11.40	11.12	11.29	    37.34	14074727	  1.05	塑料	安徽	 2.48	11.20	7260	5309	  1.37	3	151	--  	      16368.00	
="600482"	风帆股份	-0.22	13.33	-0.03	13.33	13.36	170374	311	          0.07	          3.70	13.41	13.80	13.00	13.36	    48.59	226942464	  1.24	电气设备	河北	 5.99	13.32	91898	78476	  1.17	62	313	--  	      46100.00	
="002348"	高乐股份	-0.23	8.68	-0.02	8.67	8.68	78491	294	         -0.22	          2.32	8.70	8.75	8.45	8.70	    57.68	67185048	  0.79	文教休闲	广东	 3.45	8.56	40951	37540	  1.09	10	1	--  	      33766.39	
="600623"	双钱股份	-0.23	12.90	-0.03	12.91	12.92	15427	4	          0.00	          0.24	12.92	12.96	12.73	12.93	    38.16	19794784	  0.46	汽车配件	上海	 1.78	12.83	8707	6720	  1.30	6	268	--  	      64636.76	
="601727"	上海电气	-0.25	3.97	-0.01	3.97	3.98	87502	119	          0.00	          0.09	3.98	4.00	3.92	3.98	    19.64	34564268	  0.68	电气设备	上海	 2.01	3.95	54168	33334	  1.63	121	2075	--  	     985071.44	
="000822"	*ST海化	-0.27	3.75	-0.01	3.74	3.75	40399	479	          0.00	          0.45	3.78	3.80	3.70	3.76	    66.94	15108168	  0.50	化工原料	山东	 2.66	3.74	28170	12229	  2.30	866	64	--  	      89508.31	
="000096"	广聚能源	-0.28	7.20	-0.02	7.20	7.21	85910	1285	          0.27	          1.68	7.25	7.25	7.02	7.22	    27.32	61145768	  0.71	石油贸易	深圳	 3.19	7.12	47572	38338	  1.24	122	417	--  	      51084.80	
="000795"	太原刚玉	-0.29	10.24	-0.03	10.24	10.25	56613	319	          0.09	          2.05	10.20	10.29	9.91	10.27	--  	57146860	  1.04	矿物制品	山西	 3.70	10.09	32957	23656	  1.39	100	150	--  	      27679.44	
="600741"	华域汽车	-0.34	11.60	-0.04	11.61	11.62	126633	99	         -0.08	          0.49	11.62	11.74	11.55	11.64	     6.55	147321264	  0.84	汽车配件	上海	 1.63	11.63	69936	56697	  1.23	36	380	--  	     258320.02	
="000590"	紫光古汉	-0.35	14.35	-0.05	14.35	14.38	18051	279	         -0.27	          0.81	14.38	14.48	14.20	14.40	   808.52	25915934	  0.52	中成药	湖南	 1.94	14.36	10612	7439	  1.43	104	22	--  	      22323.61	
="002046"	轴研科技	-0.36	8.37	-0.03	8.37	8.38	122611	714	         -0.11	          3.60	8.27	8.39	8.10	8.40	    99.41	100931968	  0.99	机械基件	河南	 3.45	8.23	68203	54408	  1.25	856	240	--  	      34056.60	
="600103"	青山纸业	-0.37	2.71	-0.01	2.71	2.72	109280	81	          0.00	          1.03	2.71	2.74	2.67	2.72	    44.73	29476834	  0.44	造纸	福建	 2.57	2.70	69100	40180	  1.72	659	2199	--  	     106184.15	
="601005"	重庆钢铁	-0.37	2.68	-0.01	2.68	2.69	123596	251	          0.37	          1.03	2.66	2.71	2.64	2.69	--  	33072720	  0.39	普钢	重庆	 2.60	2.68	70164	53432	  1.31	345	1007	--  	     119500.00	
="002254"	泰和新材	-0.38	10.37	-0.04	10.37	10.38	45079	404	         -0.09	          0.89	10.39	10.42	10.30	10.41	    29.19	46673988	  0.53	化纤	山东	 1.15	10.35	25665	19414	  1.32	801	37	--  	      50882.21	
="002186"	全 聚 德	-0.39	20.27	-0.08	20.26	20.27	29104	172	          0.19	          1.04	20.28	20.33	19.97	20.35	    48.73	58690076	  0.92	酒店餐饮	北京	 1.77	20.17	16248	12856	  1.26	83	48	--  	      28009.88	
="000819"	岳阳兴长	-0.41	16.93	-0.07	16.93	16.95	13150	267	          0.17	          0.56	16.92	17.10	16.69	17.00	   214.17	22181966	  0.68	石油加工	湖南	 2.41	16.87	8183	4967	  1.65	53	5	--  	      23437.25	
="002183"	怡 亚 通	-0.44	9.07	-0.04	9.07	9.08	353073	3403	          0.11	          3.58	9.12	9.43	9.05	9.11	    29.39	325820992	  1.02	仓储物流	深圳	 4.17	9.23	183670	169403	  1.08	739	272	--  	      98612.63	
="600987"	航民股份	-0.48	8.25	-0.04	8.23	8.27	66536	18	          1.10	          1.05	8.27	8.30	8.10	8.29	    14.78	54366652	  0.50	纺织	浙江	 2.41	8.17	38101	28435	  1.34	57	81	--  	      63531.00	
="601857"	中国石油	-0.50	7.89	-0.04	7.88	7.90	264943	2010	          0.00	          0.02	7.92	7.94	7.83	7.93	    10.54	208582128	  1.21	石油开采	北京	 1.39	7.87	131266	133677	  0.98	2016	2135	--  	   16192208.00	
="000531"	穗恒运Ａ	-0.51	7.77	-0.04	7.76	7.77	48871	760	          0.00	          0.71	7.81	7.81	7.70	7.81	     7.56	37805952	  0.62	火力发电	广东	 1.41	7.74	25069	23802	  1.05	783	77	--  	      68508.13	
="002145"	中核钛白	-0.51	9.66	-0.05	9.65	9.66	98615	633	          0.00	          5.29	9.70	9.76	9.33	9.71	   162.22	94103472	  0.72	化工原料	甘肃	 4.43	9.54	54649	43966	  1.24	834	407	--  	      18630.73	
="002039"	黔源电力	-0.56	10.61	-0.06	10.61	10.62	42032	693	          0.28	          1.38	10.55	10.79	10.47	10.67	--  	44682256	  0.98	水力发电	贵州	 3.00	10.63	22085	19947	  1.11	26	60	--  	      30537.52	
="600751"	天津海运	-0.62	6.36	-0.04	6.37	6.38	106078	661	          0.47	          3.56	6.36	6.42	6.29	6.40	   417.89	67258520	  0.38	水运	天津	 2.03	6.34	67408	38670	  1.74	952	960	--  	      29832.50	
="600636"	三爱富	-0.66	15.09	-0.10	15.09	15.10	135855	10	          0.26	          3.56	15.18	15.29	14.78	15.19	   129.47	203545168	  0.55	化工原料	上海	 3.36	14.98	72531	63324	  1.15	25	52	--  	      38195.05	
="002418"	康盛股份	-0.66	10.52	-0.07	10.52	10.53	14703	429	          0.19	          0.90	10.46	10.61	10.41	10.59	--  	15402852	  0.37	机械基件	浙江	 1.89	10.48	6616	8087	  0.82	10	454	--  	      16338.44	
="300309"	吉艾科技	-0.68	21.91	-0.15	21.91	21.93	12184	99	          0.04	          1.65	22.01	22.35	21.50	22.06	   115.61	26718214	  0.92	专用机械	北京	 3.85	21.93	6675	5509	  1.21	1	58	--  	       7364.22	
="600863"	内蒙华电	-0.71	2.79	-0.02	2.79	2.80	425432	9	          0.00	          1.61	2.81	2.82	2.76	2.81	     9.89	118463120	  0.55	火力发电	内蒙	 2.14	2.78	233308	192124	  1.21	1128	12324	--  	     263910.44	
="002365"	永安药业	-0.76	11.78	-0.09	11.78	11.79	26051	109	          0.34	          1.88	11.80	11.92	11.55	11.87	    57.49	30504874	  0.49	生物制药	湖北	 3.12	11.71	13633	12418	  1.10	194	94	--  	      13834.84	
="002188"	新 嘉 联	-0.76	11.75	-0.09	11.75	11.76	37120	252	         -0.16	          2.60	11.76	11.90	11.41	11.84	--  	43330388	  0.80	元器件	浙江	 4.14	11.67	21194	15926	  1.33	328	169	--  	      14274.61	
="600128"	弘业股份	-0.78	10.19	-0.08	10.19	10.20	47884	50	         -0.29	          1.94	10.25	10.35	10.06	10.27	   187.77	48638736	  0.60	商贸代理	江苏	 2.82	10.16	26887	20997	  1.28	29	399	--  	      24676.75	
="000010"	深华新	-0.81	7.39	-0.06	7.39	7.40	71463	449	          0.00	          2.00	7.36	7.53	7.33	7.45	--  	52898312	  0.79	建筑施工	北京	 2.68	7.40	40895	30568	  1.34	372	456	--  	      35815.75	
="002395"	双象股份	-0.82	10.90	-0.09	10.90	10.91	27227	275	          0.27	          1.52	10.84	10.93	10.70	10.99	   268.23	29468050	  0.91	塑料	江苏	 2.09	10.82	15453	11774	  1.31	24	15	--  	      17880.59	
="002072"	德棉股份	-0.86	9.20	-0.08	9.20	9.21	31388	353	          0.32	          1.78	9.28	9.30	9.10	9.28	--  	28784216	  0.40	纺织	山东	 2.16	9.17	21600	9788	  2.21	236	203	--  	      17596.65	
="002537"	海立美达	-0.86	16.06	-0.14	16.00	16.06	18362	632	          0.68	          1.22	16.20	16.28	15.89	16.20	    45.18	29378678	  0.76	机械基件	山东	 2.41	16.00	12501	5861	  2.13	4	57	--  	      15000.00	
="002447"	壹桥苗业	-0.92	16.15	-0.15	16.15	16.20	18259	272	          0.12	          0.83	16.30	16.38	15.93	16.30	    47.99	29474380	  0.60	渔业	辽宁	 2.76	16.14	9617	8642	  1.11	188	78	--  	      21961.50	
="000613"	大东海A	-0.93	6.39	-0.06	6.39	6.40	78794	205	          0.47	          3.02	6.45	6.45	6.22	6.45	--  	49797416	  0.66	旅游服务	海南	 3.57	6.32	47416	31378	  1.51	164	10	--  	      26056.48	
="600781"	辅仁药业	-0.94	16.79	-0.16	16.79	16.80	28259	15	         -0.11	          1.59	16.95	17.07	16.69	16.95	   107.60	47472536	  0.97	中成药	河南	 2.24	16.80	12788	15471	  0.83	13	416	--  	      17759.28	
="300081"	恒信移动	-1.14	16.47	-0.19	16.47	16.48	36669	73	          0.12	          4.33	16.60	16.86	15.97	16.66	--  	60208812	  0.66	通信设备	河北	 5.34	16.42	18164	18505	  0.98	126	157	--  	       8467.04	
="002164"	*ST东力	-1.21	4.90	-0.06	4.89	4.90	43175	1413	          0.40	          1.07	4.94	4.98	4.85	4.96	--  	21148570	  0.52	电气设备	浙江	 2.62	4.90	23656	19519	  1.21	150	573	--  	      40512.50	
="600129"	太极集团	-1.33	11.13	-0.15	11.12	11.13	62300	150	          0.00	          1.46	11.15	11.26	10.93	11.28	   100.57	69080184	  0.57	中成药	重庆	 2.93	11.09	36619	25681	  1.43	337	13	--  	      42689.39	
="300305"	裕兴股份	-1.35	19.05	-0.26	19.05	19.09	8191	136	          0.15	          2.28	19.33	19.70	18.53	19.31	    39.65	15591442	  0.95	塑料	江苏	 6.06	19.03	4266	3925	  1.09	53	30	--  	       3600.00	
="000796"	易食股份	-1.41	7.00	-0.10	7.00	7.01	68692	845	         -0.14	          2.79	6.95	7.03	6.87	7.10	    88.19	47674904	  0.78	食品	陕西	 2.25	6.94	37450	31242	  1.20	205	316	--  	      24652.30	
="000692"	惠天热电	-1.49	4.62	-0.07	4.62	4.63	331492	5171	          0.00	          6.22	4.63	4.63	4.50	4.69	    24.08	150922960	  0.51	供气供热	辽宁	 2.77	4.55	168370	163122	  1.03	4279	1633	--  	      53278.89	
="601933"	永辉超市	-1.57	7.50	-0.12	7.48	7.49	221969	53	          0.00	          0.72	7.65	7.66	7.41	7.62	    26.96	166139872	  1.22	超市连锁	福建	 3.28	7.48	116594	105375	  1.11	1106	161	--  	     307160.00	
="600696"	多伦股份	-1.72	8.57	-0.15	8.55	8.56	101261	3	          0.00	          2.97	8.66	8.83	8.46	8.72	--  	86773872	  0.74	区域地产	上海	 4.24	8.57	61095	40166	  1.52	109	354	--  	      34056.55	
="002318"	久立特材	-1.80	20.20	-0.37	20.19	20.20	70578	829	          0.64	          2.37	20.40	20.43	19.85	20.57	    29.99	141482144	  0.97	特钢	浙江	 2.82	20.05	48167	22411	  2.15	8660	69	--  	      29783.83	
="601999"	出版传媒	-1.96	9.50	-0.19	9.50	9.52	185309	56	          0.63	          3.36	9.50	9.59	9.14	9.69	  1055.18	173409200	  0.56	出版业	辽宁	 4.64	9.36	103752	81557	  1.27	42	939	--  	      55091.46	
="002119"	康强电子	-1.97	10.93	-0.22	10.92	10.93	49716	861	          0.09	          2.56	11.18	11.26	10.82	11.15	  1315.38	54593792	  0.61	半导体	浙江	 3.95	10.98	28345	21371	  1.33	397	142	--  	      19420.00	
="601801"	皖新传媒	-2.03	14.97	-0.31	14.96	14.97	81737	35	         -0.13	          0.90	15.13	15.13	14.57	15.28	    20.47	121431632	  0.68	出版业	安徽	 3.66	14.86	47262	34475	  1.37	81	13	--  	      91000.00	
="000546"	光华控股	-2.09	8.45	-0.18	8.44	8.45	39716	347	         -0.11	          2.72	8.60	8.61	8.36	8.63	--  	33664984	  0.65	矿物制品	吉林	 2.90	8.48	22027	17689	  1.25	5	36	--  	      14623.80	
="002668"	奥马电器	-2.43	20.10	-0.50	20.08	20.10	43976	923	         -0.24	          6.08	20.58	20.64	19.93	20.60	    14.21	89137584	  2.06	家用电器	广东	 3.45	20.27	27564	16412	  1.68	62	89	--  	       7235.00	
="002379"	鲁丰环保	-2.61	4.11	-0.11	4.11	4.12	775856	14084	          0.00	         11.60	4.10	4.16	3.97	4.22	--  	315405536	  0.91	铝	山东	 4.50	4.07	412975	362881	  1.14	6493	1506	--  	      66863.25	
="600006"	东风汽车	-2.70	4.32	-0.12	4.33	4.34	537752	323	          0.93	          2.69	4.44	4.45	4.18	4.44	    60.01	230594688	  0.61	汽车整车	湖北	 6.08	4.29	296899	240853	  1.23	727	886	--  	     200000.00	
="300337"	银邦股份	-2.97	16.69	-0.51	16.69	16.70	78113	491	          0.11	          5.24	17.49	17.53	16.40	17.20	    76.78	133208368	  1.27	铝	江苏	 6.57	17.05	42374	35739	  1.19	109	1300	--  	      14913.79	
="600721"	百花村	-3.81	8.84	-0.35	8.84	8.85	49037	61	         -0.45	          4.09	9.03	9.12	8.63	9.19	--  	43305236	  1.05	焦炭加工	新疆	 5.33	8.83	27697	21340	  1.30	74	77	--  	      11995.84	
="000609"	绵世股份	-4.36	9.88	-0.45	9.87	9.88	167332	978	          0.30	          6.10	9.88	10.05	9.50	10.33	--  	163251408	  1.77	区域地产	北京	 5.32	9.76	100599	66733	  1.51	113	37	--  	      27412.69	
="601678"	滨化股份	-5.35	8.32	-0.47	8.32	8.33	273798	350	          0.00	          4.15	8.53	8.58	8.18	8.79	    11.82	229768160	  1.15	化工原料	山东	 4.55	8.39	123577	150221	  0.82	730	70	--  	      66000.00	
="300019"	硅宝科技	-5.86	13.50	-0.84	13.50	13.51	130591	665	          0.52	         12.15	14.26	14.26	13.21	14.34	    36.37	176986592	  3.32	化工原料	四川	 7.32	13.55	79819	50772	  1.57	124	4	--  	      10745.41	
数据来源:通达信
