代码	名称	涨幅%%	现价	涨跌	买价	卖价	总量	现量	涨速%%	换手%%	今开	最高	最低	昨收	市盈(动)	总金额	量比	细分行业	地区	振幅%%	均价	内盘	外盘	内外比	买量	卖量	未匹配量	流通股本	
="002105"	信隆实业	10.03	6.58	0.60	6.58	--  	212249	205	          0.00	          6.34	6.03	6.58	6.03	5.98	  1087.47	135423424	  3.52	文教休闲	深圳	 9.20	6.38	99073	113176	  0.88	108734	0	--  	      33500.00	
="002167"	东方锆业	10.03	15.25	1.39	15.25	--  	206884	253	          0.00	          6.56	14.15	15.25	14.15	13.86	--  	307778560	  1.30	小金属	广东	 7.94	14.88	109606	97278	  1.13	134585	0	--  	      31540.67	
="300019"	硅宝科技	9.97	14.34	1.30	14.34	--  	138341	67	          0.00	         12.87	13.61	14.34	13.57	13.04	    38.63	197408528	  9.01	化工原料	四川	 5.90	14.27	95601	42740	  2.24	13357	0	--  	      10745.41	
="002522"	浙江众成	7.72	9.77	0.70	9.77	9.78	89585	1425	          0.72	          4.01	9.08	9.85	8.88	9.07	   120.03	85578984	  2.49	塑料	浙江	10.69	9.55	33838	55747	  0.61	205	227	--  	      22336.58	
="002039"	黔源电力	6.91	10.67	0.69	10.66	10.67	97719	997	          0.00	          3.20	9.95	10.97	9.94	9.98	--  	102705176	  3.60	水力发电	贵州	10.32	10.51	39094	58625	  0.67	21	59	--  	      30537.52	
="000980"	金马股份	6.03	5.98	0.34	5.97	5.98	228762	2310	          0.50	          7.22	5.65	6.10	5.65	5.64	    48.77	135943264	  1.08	电器仪表	安徽	 7.98	5.94	104742	124020	  0.84	886	2490	--  	      31700.00	
="002668"	奥马电器	5.37	20.60	1.05	20.52	20.60	35296	3393	          1.77	          4.88	19.55	20.66	19.22	19.55	    14.56	70425120	  1.73	家用电器	广东	 7.37	19.95	14394	20902	  0.69	2	581	--  	       7235.00	
="000859"	国风塑业	5.30	5.56	0.28	5.55	5.56	118235	1928	          0.00	          2.81	5.27	5.78	5.26	5.28	--  	65369440	  1.04	塑料	安徽	 9.85	5.53	49122	69113	  0.71	544	900	--  	      42047.89	
="000738"	中航动控	4.12	15.42	0.61	15.41	15.42	430234	4479	          0.06	          4.56	15.33	15.75	15.03	14.81	    88.21	661080000	  4.74	航空航天	湖南	 4.86	15.37	187344	242890	  0.77	288	707	--  	      94283.85	
="600301"	ST南化	4.11	8.35	0.33	8.34	8.36	49754	7	          0.11	          2.12	8.00	8.42	7.89	8.02	--  	40378352	  1.66	化工原料	广西	 6.61	8.12	20079	29675	  0.68	22	160	--  	      23514.81	
="000576"	广东甘化	4.01	13.50	0.52	13.49	13.50	65212	1569	          0.00	          2.55	12.90	13.53	12.90	12.98	   481.40	86943016	  2.47	综合类	广东	 4.85	13.33	23132	42080	  0.55	16	232	--  	      25616.05	
="002395"	双象股份	3.88	10.99	0.41	10.98	10.99	56960	393	         -0.36	          3.19	10.69	11.20	10.42	10.58	   270.45	62144256	  2.50	塑料	江苏	 7.37	10.91	24055	32905	  0.73	12	215	--  	      17880.59	
="002018"	华星化工	3.86	9.14	0.34	9.13	9.14	221545	3032	          0.32	          4.95	8.85	9.17	8.55	8.80	   113.89	196378112	  1.68	农药化肥	安徽	 7.05	8.86	104233	117312	  0.89	831	1838	--  	      44739.51	
="002133"	广宇集团	3.82	4.35	0.16	4.35	4.36	120485	8086	          0.23	          2.65	4.19	4.40	4.12	4.19	    93.53	51472148	  1.45	全国地产	浙江	 6.68	4.27	52561	67924	  0.77	1170	1521	--  	      45524.98	
="002186"	全 聚 德	3.67	20.35	0.72	20.35	20.36	50564	377	         -0.09	          1.81	19.88	20.40	19.80	19.63	    48.92	102344136	  2.13	酒店餐饮	北京	 3.06	20.24	18753	31811	  0.59	109	99	--  	      28009.88	
="600812"	华北制药	3.66	5.38	0.19	5.37	5.38	141227	14	          0.18	          1.37	5.19	5.44	5.14	5.19	   422.68	74551216	  1.53	化学制药	河北	 5.78	5.28	74894	66333	  1.13	1915	953	--  	     102857.75	
="002291"	星期六	3.63	7.13	0.25	7.12	7.13	66971	2434	          0.84	          1.84	6.96	7.15	6.80	6.88	    38.87	46856040	  1.52	服饰	广东	 5.09	7.00	27226	39745	  0.69	228	167	--  	      36335.00	
="000010"	深华新	3.47	7.45	0.25	7.44	7.45	164904	1427	          0.26	          4.60	7.20	7.70	7.06	7.20	--  	122289520	  1.78	建筑施工	北京	 8.89	7.42	70513	94391	  0.75	13305	2200	--  	      35815.75	
="000708"	大冶特钢	3.30	7.51	0.24	7.50	7.51	83069	613	          0.26	          1.86	7.25	7.59	7.22	7.27	    12.82	61643312	  1.23	特钢	湖北	 5.09	7.42	29129	53940	  0.54	466	363	--  	      44712.57	
="601003"	柳钢股份	3.28	2.52	0.08	2.52	2.53	88314	2	          0.39	          0.34	2.44	2.56	2.43	2.44	    13.67	22118452	  0.90	普钢	广西	 5.33	2.50	36553	51761	  0.71	3	1433	--  	     256279.31	
="600175"	美都控股	3.25	6.68	0.21	6.67	6.68	312949	123	          0.14	          2.17	6.54	6.80	6.46	6.47	--  	208900096	  1.47	全国地产	浙江	 5.26	6.68	135775	177174	  0.77	546	78	--  	     143984.31	
="002516"	江苏旷达	3.24	15.28	0.48	15.27	15.28	84185	947	         -0.26	          7.73	14.90	15.56	14.60	14.80	    22.50	128284296	  1.13	纺织	江苏	 6.49	15.24	39459	44726	  0.88	44	181	--  	      10889.78	
="300081"	恒信移动	3.22	16.66	0.52	16.65	16.66	44269	543	          0.24	          5.23	16.18	16.88	15.90	16.14	--  	72755416	  0.73	通信设备	河北	 6.07	16.43	16644	27625	  0.60	362	82	--  	       8467.04	
="002050"	三花股份	3.15	13.41	0.41	13.40	13.41	46380	171	         -0.22	          0.61	13.00	13.62	12.99	13.00	    21.59	61542724	  0.85	机械基件	浙江	 4.85	13.27	19582	26798	  0.73	330	388	--  	      75871.92	
="600721"	百花村	3.14	9.19	0.28	9.12	9.18	106268	58	         -0.21	          8.86	8.93	9.80	8.81	8.91	--  	99517232	  3.46	焦炭加工	新疆	11.11	9.36	49405	56863	  0.87	46	9	--  	      11995.84	
="000707"	双环科技	2.95	4.88	0.14	4.87	4.88	160095	3120	          0.20	          3.45	4.71	4.92	4.70	4.74	    94.71	77090904	  1.36	化工原料	湖北	 4.64	4.82	78847	81248	  0.97	1751	607	--  	      46414.33	
="600510"	黑牡丹	2.94	6.31	0.18	6.30	6.31	165873	25	          0.00	          2.09	6.20	6.53	6.19	6.13	    14.01	105599472	  2.83	全国地产	江苏	 5.55	6.37	78955	86918	  0.91	424	39	--  	      79552.27	
="600243"	青海华鼎	2.83	7.99	0.22	7.99	8.00	107939	19	         -0.86	          4.56	7.77	8.50	7.77	7.77	--  	88302544	  1.94	机床制造	青海	 9.40	8.18	62186	45753	  1.36	110	274	--  	      23685.00	
="600540"	新赛股份	2.77	6.68	0.18	6.66	6.67	130174	101	          0.00	          4.30	6.49	6.90	6.44	6.50	   173.58	87008224	  2.17	种植业	新疆	 7.08	6.68	62162	68012	  0.91	189	41	--  	      30270.84	
="300337"	银邦股份	2.69	17.20	0.45	17.20	17.21	56371	683	          0.05	          3.78	16.75	17.34	16.66	16.75	    79.13	96267320	  0.89	铝	江苏	 4.06	17.08	31137	25234	  1.23	755	160	--  	      14913.79	
="000626"	如意集团	2.58	9.13	0.23	9.12	9.13	50257	87	         -0.21	          2.48	8.88	9.32	8.88	8.90	    24.11	46003712	  1.79	商贸代理	江苏	 4.94	9.15	22789	27468	  0.83	224	311	--  	      20229.75	
="600888"	新疆众和	2.58	6.37	0.16	6.36	6.37	175375	5	         -0.15	          2.73	6.23	6.67	6.16	6.21	--  	113080352	  1.63	铝	新疆	 8.21	6.45	89016	86359	  1.03	181	104	--  	      64122.58	
="002098"	浔兴股份	2.46	12.50	0.30	12.50	12.54	42361	1119	         -0.31	          2.73	12.19	12.76	12.02	12.20	    18.27	52848944	  1.21	服饰	福建	 6.07	12.48	19250	23111	  0.83	890	61	--  	      15500.00	
="600960"	渤海活塞	2.14	11.47	0.24	11.44	11.47	23655	10	          0.17	          1.12	11.29	11.57	11.07	11.23	    23.79	26840120	  0.84	汽车配件	山东	 4.45	11.35	10344	13311	  0.78	91	208	--  	      21167.05	
="000671"	阳 光 城	2.12	12.06	0.25	12.04	12.06	64441	480	         -0.08	          0.63	11.76	12.26	11.76	11.81	    22.69	77760592	  0.60	区域地产	福建	 4.23	12.07	33929	30512	  1.11	39	258	--  	     102553.81	
="600265"	ST景谷	2.11	10.14	0.21	10.14	10.16	11633	8	         -0.29	          0.90	9.98	10.30	9.93	9.93	--  	11820377	  1.15	林业	云南	 3.73	10.16	5696	5937	  0.96	2	30	--  	      12980.00	
="002648"	卫星石化	2.10	14.61	0.30	14.61	14.62	73226	1618	          0.00	          3.66	14.36	14.70	14.30	14.31	    31.89	106554408	  1.29	化工原料	浙江	 2.80	14.55	34803	38423	  0.91	297	573	--  	      20000.00	
="300305"	裕兴股份	2.06	19.31	0.39	19.31	19.33	6521	75	          0.05	          1.81	19.00	19.45	18.88	18.92	    40.19	12484812	  0.80	塑料	江苏	 3.01	19.15	2295	4226	  0.54	3	54	--  	       3600.00	
="002687"	乔治白	2.05	9.48	0.19	9.48	9.49	32799	2379	          0.53	          4.71	9.25	9.48	9.23	9.29	    29.48	30679798	  1.00	服饰	浙江	 2.69	9.35	13392	19407	  0.69	167	233	--  	       6961.27	
="000524"	东方宾馆	1.94	8.95	0.17	8.94	8.95	39719	177	          0.11	          1.47	8.73	9.09	8.64	8.78	    95.31	35567864	  0.80	酒店餐饮	广东	 5.13	8.95	17464	22255	  0.78	74	8	--  	      26967.16	
="600496"	精工钢构	1.93	7.40	0.14	7.40	7.41	60323	37	          0.00	          1.03	7.24	7.49	7.22	7.26	    18.84	44602720	  1.51	钢加工	安徽	 3.72	7.39	22810	37513	  0.61	31	452	--  	      58656.60	
="002544"	杰赛科技	1.90	11.24	0.21	11.24	11.25	118981	1039	          0.35	          2.35	11.05	11.32	11.01	11.03	   101.86	133397840	  1.42	软件服务	广东	 2.81	11.21	52990	65991	  0.80	680	130	--  	      50635.66	
="002068"	黑猫股份	1.86	6.02	0.11	6.02	6.03	90893	813	          0.16	          1.89	5.91	6.15	5.85	5.91	    48.35	54762312	  0.88	化工原料	江西	 5.08	6.02	45124	45769	  0.99	325	382	--  	      47969.92	
="002119"	康强电子	1.83	11.15	0.20	11.14	11.15	94174	1922	          0.00	          4.85	10.73	11.29	10.58	10.95	  1341.85	103493336	  1.10	半导体	浙江	 6.48	10.99	49845	44329	  1.12	5	1888	--  	      19420.00	
="600552"	方兴科技	1.75	17.99	0.31	17.97	17.99	64267	50	          0.11	          1.88	17.68	18.07	17.57	17.68	    68.37	114746736	  1.93	玻璃	安徽	 2.83	17.85	26770	37497	  0.71	163	20	--  	      34223.94	
="300183"	东软载波	1.66	43.59	0.71	43.59	43.60	22224	47	          0.02	          1.76	42.71	43.85	42.71	42.88	    48.62	96700336	  1.17	软件服务	山东	 2.66	43.51	10172	12052	  0.84	187	20	--  	      12617.49	
="600826"	兰生股份	1.65	17.89	0.29	17.85	17.89	23318	3	          0.67	          0.55	17.60	17.91	17.45	17.60	    91.30	41275272	  0.53	商贸代理	上海	 2.61	17.70	11083	12235	  0.91	239	57	--  	      42064.23	
="000565"	渝三峡Ａ	1.64	10.56	0.17	10.56	10.57	20161	698	          0.57	          1.16	10.39	10.56	10.30	10.39	    30.46	21039284	  0.79	染料涂料	重庆	 2.50	10.44	9213	10948	  0.84	572	21	--  	      17343.68	
="600226"	升华拜克	1.62	7.51	0.12	7.52	7.53	136400	289	         -0.26	          3.36	7.39	7.75	7.35	7.39	    30.05	103760680	  1.37	农药化肥	浙江	 5.41	7.61	70923	65477	  1.08	485	254	--  	      40554.92	
="000822"	*ST海化	1.62	3.76	0.06	3.75	3.76	74666	49	          0.26	          0.83	3.70	3.83	3.67	3.70	    67.12	28132564	  0.87	化工原料	山东	 4.32	3.77	31200	43466	  0.72	680	939	--  	      89508.31	
="002452"	长高集团	1.60	10.77	0.17	10.76	10.77	43361	222	          0.00	          2.85	10.60	11.03	10.60	10.60	    30.54	47103836	  0.72	电气设备	湖南	 4.06	10.86	21133	22228	  0.95	28	123	--  	      15237.00	
="600882"	华联矿业	1.58	9.02	0.14	9.05	9.06	131766	1385	          0.11	          4.67	8.95	9.14	8.63	8.88	    13.73	117240696	  0.90	普钢	山东	 5.74	8.90	61700	70066	  0.88	4034	549	--  	      28209.88	
="002320"	海峡股份	1.56	9.77	0.15	9.77	9.78	72029	460	          0.00	          1.69	9.62	9.83	9.57	9.62	    35.24	70215336	  1.67	水运	海南	 2.70	9.75	32788	39241	  0.84	291	265	--  	      42587.60	
="600781"	辅仁药业	1.56	16.95	0.26	16.95	16.96	40301	11	          0.35	          2.27	16.67	17.28	16.60	16.69	   108.63	68546664	  1.42	中成药	河南	 4.07	17.01	13985	26316	  0.53	62	87	--  	      17759.28	
="600851"	海欣股份	1.54	7.24	0.11	7.22	7.23	130762	9	          0.13	          1.77	7.16	7.32	7.09	7.13	   214.66	94421616	  1.44	纺织	上海	 3.23	7.22	56483	74279	  0.76	55	26	--  	      73820.60	
="601727"	上海电气	1.53	3.98	0.06	3.98	3.99	221500	4	         -0.25	          0.22	3.95	4.10	3.95	3.92	    19.69	89037640	  1.85	电气设备	上海	 3.83	4.02	92198	129302	  0.71	570	2889	--  	     985071.44	
="000590"	紫光古汉	1.48	14.40	0.21	14.39	14.40	25603	810	          0.20	          1.15	14.15	14.55	14.12	14.19	   811.34	36818136	  0.51	中成药	湖南	 3.03	14.38	11831	13772	  0.86	59	9	--  	      22323.61	
="600281"	太化股份	1.48	5.50	0.08	5.50	5.51	61666	7	          0.18	          1.20	5.43	5.59	5.41	5.42	  1121.46	34029156	  1.86	化工原料	山西	 3.32	5.52	17262	44404	  0.39	15	148	--  	      51440.19	
="600028"	中国石化	1.47	5.52	0.08	5.52	5.54	1068602	4730	         -0.18	          0.12	5.44	5.64	5.43	5.44	    10.26	593204160	  1.02	石油加工	北京	 3.86	5.55	494116	574486	  0.86	3118	4668	--  	    9128210.00	
="600833"	第一医药	1.46	11.79	0.17	11.79	11.81	35431	60	         -0.42	          1.59	11.57	11.93	11.57	11.62	    63.77	41632468	  0.73	医药连锁	上海	 3.10	11.75	18308	17123	  1.07	68	224	--  	      22308.63	
="600183"	生益科技	1.46	6.94	0.10	6.94	6.95	96491	56	          0.14	          0.68	6.89	6.98	6.81	6.84	    20.32	66664712	  0.72	元器件	广东	 2.49	6.91	34774	61717	  0.56	56	307	--  	     142301.81	
="000838"	国兴地产	1.44	8.43	0.12	8.43	8.44	18084	485	          0.59	          1.11	8.31	8.54	8.26	8.31	    15.33	15232647	  0.70	区域地产	北京	 3.37	8.42	9312	8772	  1.06	175	250	--  	      16289.96	
="300153"	科泰电源	1.43	12.74	0.18	12.74	12.75	20553	400	          0.00	          1.29	12.63	12.75	12.49	12.56	    79.65	26018358	  0.45	电气设备	上海	 2.07	12.66	9725	10828	  0.90	208	175	--  	      15983.50	
="002135"	东南网架	1.40	4.35	0.06	4.35	4.36	188784	1385	         -0.22	          2.81	4.42	4.60	4.34	4.29	    35.67	83926488	  1.94	建筑施工	浙江	 6.06	4.45	87702	101082	  0.87	933	1594	--  	      67119.45	
="000788"	北大医药	1.33	18.24	0.24	18.22	18.24	46418	755	          0.00	          0.83	18.00	18.38	17.86	18.00	   134.49	84008984	  0.44	化学制药	重庆	 2.89	18.10	23207	23211	  1.00	334	222	--  	      55877.44	
="002031"	巨轮股份	1.33	8.40	0.11	8.39	8.40	49147	1265	          0.23	          1.18	8.29	8.41	8.22	8.29	    24.57	40976652	  0.68	汽车配件	广东	 2.29	8.34	23626	25521	  0.93	220	1615	--  	      41634.51	
="002372"	伟星新材	1.30	13.25	0.17	13.25	13.26	25555	361	         -0.07	          0.66	13.02	13.33	13.01	13.08	    17.69	33758104	  1.30	其他建材	浙江	 2.45	13.21	12170	13385	  0.91	104	1	--  	      38494.82	
="600233"	大杨创世	1.29	10.21	0.13	10.21	10.22	22476	27	         -0.09	          1.36	10.02	10.27	10.02	10.08	    35.87	22868204	  1.09	服饰	辽宁	 2.48	10.17	9367	13109	  0.71	0	41	--  	      16500.00	
="600184"	光电股份	1.28	27.00	0.34	26.91	26.99	13381	79	          0.14	          1.14	26.80	27.03	26.20	26.66	   204.15	35698068	  0.67	玻璃	湖北	 3.11	26.68	5663	7718	  0.73	12	239	--  	      11765.11	
="600581"	八一钢铁	1.26	4.01	0.05	4.01	4.02	125533	353	          0.00	          1.64	3.95	4.06	3.94	3.96	--  	50438160	  1.44	普钢	新疆	 3.03	4.02	42810	82723	  0.52	47	1176	--  	      76644.89	
="600318"	巢东股份	1.21	10.00	0.12	9.98	10.00	36141	10	          0.10	          1.49	9.90	10.09	9.88	9.88	    11.88	36039540	  0.77	水泥	安徽	 2.13	9.97	15054	21087	  0.71	40	240	--  	      24200.00	
="600303"	曙光股份	1.21	5.00	0.06	5.00	5.01	67433	25	          0.20	          1.17	4.94	5.07	4.93	4.94	   709.07	33726468	  0.81	汽车整车	辽宁	 2.83	5.00	33097	34336	  0.96	188	1219	--  	      57450.60	
="002165"	红 宝 丽	1.19	5.94	0.07	5.94	5.95	121054	974	          0.33	          2.30	5.91	6.06	5.90	5.87	    28.89	72337816	  1.46	化工原料	江苏	 2.73	5.98	56723	64331	  0.88	539	586	--  	      52725.80	
="002637"	赞宇科技	1.17	15.50	0.18	15.50	15.53	62681	665	         -0.51	          6.49	15.80	16.25	15.49	15.32	    38.60	99786168	  1.96	日用化工	浙江	 4.96	15.92	31102	31579	  0.98	474	91	--  	       9650.91	
="000531"	穗恒运Ａ	1.17	7.81	0.09	7.80	7.81	98089	1210	          0.51	          1.43	7.71	7.89	7.65	7.72	     7.60	76611872	  1.31	火力发电	广东	 3.11	7.81	42565	55524	  0.77	819	235	--  	      68508.13	
="600683"	京投银泰	1.17	5.21	0.06	5.20	5.21	127178	25	         -0.19	          1.72	5.32	5.50	5.18	5.15	--  	67607952	  1.11	区域地产	浙江	 6.21	5.32	66588	60590	  1.10	51	227	--  	      74077.75	
="600172"	黄河旋风	1.12	7.25	0.08	7.24	7.25	84720	6	          0.69	          1.71	7.17	7.27	7.06	7.17	    17.01	60605208	  0.75	矿物制品	河南	 2.93	7.15	46573	38147	  1.22	4	510	--  	      49667.83	
="601012"	隆基股份	1.11	19.19	0.21	19.18	19.20	46179	20	         -0.05	          1.48	19.00	19.80	18.88	18.98	    53.25	89117472	  0.73	半导体	陕西	 4.85	19.30	24638	21541	  1.14	178	155	--  	      31102.74	
="002623"	亚玛顿	1.10	21.20	0.23	21.19	21.20	12328	135	          0.14	          1.62	20.88	21.31	20.88	20.97	    89.12	26053332	  0.68	玻璃	江苏	 2.05	21.13	5788	6540	  0.89	53	179	--  	       7600.00	
="000766"	通化金马	1.09	6.52	0.07	6.52	6.53	41423	341	          0.15	          0.92	6.46	6.57	6.44	6.45	   160.20	26947438	  0.83	中成药	吉林	 2.02	6.51	18906	22517	  0.84	217	1181	--  	      44901.48	
="300211"	亿通科技	1.07	20.80	0.22	20.79	20.80	12846	188	          0.24	          2.71	20.58	21.21	20.39	20.58	    95.59	26818730	  1.03	通信设备	江苏	 3.98	20.88	5463	7383	  0.74	1	24	--  	       4739.52	
="600242"	中昌海运	1.06	6.68	0.07	6.67	6.68	37759	15	         -0.59	          1.41	6.64	6.74	6.59	6.61	--  	25211960	  0.30	水运	广东	 2.27	6.68	16823	20936	  0.80	273	158	--  	      26696.25	
="600137"	浪莎股份	1.01	16.99	0.17	16.96	16.99	11715	39	          0.00	          1.21	16.60	17.25	16.56	16.82	   151.57	19916660	  0.57	服饰	四川	 4.10	17.00	5729	5986	  0.96	13	45	--  	       9721.75	
="002254"	泰和新材	0.97	10.41	0.10	10.41	10.42	86055	1143	          0.48	          1.69	10.35	10.41	10.13	10.31	    26.14	88360632	  0.93	化纤	山东	 2.72	10.27	45155	40900	  1.10	333	196	--  	      50883.10	
="600006"	东风汽车	0.91	4.44	0.04	4.44	4.45	580306	1053	          0.90	          2.90	4.31	4.55	4.21	4.40	    61.68	254639136	  0.52	汽车整车	湖北	 7.73	4.39	283127	297179	  0.95	1991	988	--  	     200000.00	
="600742"	一汽富维	0.89	24.87	0.22	24.88	24.89	26373	214	          0.16	          1.25	24.60	25.00	24.48	24.65	    10.87	65412096	  0.58	汽车配件	吉林	 2.11	24.80	10962	15411	  0.71	57	53	--  	      21152.33	
="002267"	陕天然气	0.89	10.19	0.09	10.18	10.19	43673	120	         -0.09	          0.44	10.10	10.32	10.07	10.10	    18.13	44532280	  0.92	供气供热	陕西	 2.48	10.20	16523	27150	  0.61	145	28	--  	      99710.15	
="002272"	川润股份	0.86	5.84	0.05	5.84	5.85	71815	1059	          0.34	          2.35	5.79	5.89	5.75	5.79	   238.67	41901516	  0.62	机械基件	四川	 2.42	5.83	34466	37349	  0.92	165	926	--  	      30572.97	
="000807"	云铝股份	0.84	4.79	0.04	4.78	4.79	126913	614	          0.20	          0.82	4.74	4.87	4.73	4.75	--  	61149784	  0.50	铝	云南	 2.95	4.82	57631	69282	  0.83	289	49	--  	     153910.02	
="000338"	潍柴动力	0.84	20.43	0.17	20.42	20.43	120745	1129	          0.04	          1.24	20.24	20.51	20.15	20.26	     9.68	245984336	  1.06	汽车配件	山东	 1.78	20.37	56542	64203	  0.88	235	317	--  	      97104.90	
="600495"	晋西车轴	0.80	11.29	0.09	11.29	11.30	169478	64	          0.00	          2.76	11.20	11.35	11.00	11.20	    93.48	190514144	  0.84	运输设备	山西	 3.13	11.24	81755	87723	  0.93	264	1883	--  	      61295.60	
="002205"	国统股份	0.78	15.58	0.12	15.57	15.58	52631	324	         -0.06	          4.53	15.49	16.02	15.49	15.46	    36.42	82873160	  1.42	其他建材	新疆	 3.43	15.75	25218	27413	  0.92	50	65	--  	      11615.20	
="002188"	新 嘉 联	0.77	11.84	0.09	11.83	11.84	41104	169	         -0.25	          2.99	11.75	12.16	11.65	11.75	--  	49220072	  0.86	元器件	浙江	 4.34	11.97	18713	22391	  0.84	123	699	--  	      13742.53	
="600963"	岳阳林纸	0.72	4.19	0.03	4.19	4.20	191077	450	          0.00	          2.27	4.13	4.32	4.13	4.16	--  	80837856	  0.94	造纸	湖南	 4.57	4.23	87276	103801	  0.84	3	1042	--  	      84315.90	
="000950"	建峰化工	0.69	4.36	0.03	4.35	4.36	30857	239	         -0.22	          0.52	4.34	4.41	4.31	4.33	--  	13452438	  0.34	农药化肥	重庆	 2.31	4.36	15033	15824	  0.95	344	166	--  	      59879.92	
="600741"	华域汽车	0.69	11.64	0.08	11.63	11.64	116216	4	          0.08	          0.45	11.56	11.67	11.47	11.56	     6.57	134664800	  0.75	汽车配件	上海	 1.73	11.59	56908	59308	  0.96	28	93	--  	     258320.02	
="600509"	天富能源	0.69	8.81	0.06	8.81	8.82	206610	16	          0.11	          2.46	8.75	9.08	8.66	8.75	    21.42	184077408	  1.50	火力发电	新疆	 4.80	8.91	100619	105991	  0.95	387	124	--  	      83869.65	
="002616"	长青集团	0.68	17.88	0.12	17.85	17.88	8189	537	          0.16	          2.15	17.81	17.90	17.59	17.76	    82.42	14570596	  0.45	环境保护	广东	 1.75	17.79	5282	2907	  1.82	10	212	--  	       3811.00	
="300079"	数码视讯	0.63	12.84	0.08	12.83	12.84	122263	1335	          0.07	          2.10	12.78	12.97	12.67	12.76	    48.24	157067200	  0.62	通信设备	北京	 2.35	12.85	65335	56928	  1.15	5534	401	--  	      58337.73	
="000402"	金 融 街	0.63	6.42	0.04	6.41	6.42	266552	1784	          0.00	          0.88	6.38	6.52	6.33	6.38	    26.30	171778080	  0.55	全国地产	北京	 2.98	6.44	109102	157450	  0.69	1796	1584	--  	     302439.31	
="002164"	*ST东力	0.61	4.96	0.03	4.95	4.96	46016	754	          0.40	          1.14	4.91	5.03	4.89	4.93	--  	22846754	  0.49	电气设备	浙江	 2.84	4.96	26249	19767	  1.33	304	454	--  	      40512.50	
="002526"	山东矿机	0.61	8.29	0.05	8.28	8.29	726845	6180	         -0.36	         18.27	8.40	8.78	8.22	8.24	   347.44	616702016	  2.41	工程机械	山东	 6.80	8.48	344213	382632	  0.90	576	953	--  	      39788.51	
="000599"	青岛双星	0.60	5.02	0.03	5.02	5.03	51035	570	          0.00	          0.97	4.95	5.04	4.94	4.99	    51.27	25409714	  0.74	汽车配件	山东	 2.00	4.98	24827	26208	  0.95	71	519	--  	      52478.60	
="600360"	华微电子	0.59	5.12	0.03	5.14	5.15	147406	49	         -0.77	          2.00	5.11	5.25	5.08	5.09	   100.78	76340424	  1.16	半导体	吉林	 3.34	5.18	68355	79051	  0.86	7	317	--  	      73808.00	
="000567"	海德股份	0.54	11.12	0.06	11.11	11.12	21822	72	          0.27	          1.66	11.14	11.33	10.94	11.06	    93.85	24496290	  0.96	区域地产	海南	 3.53	11.23	10599	11223	  0.94	38	218	--  	      13168.69	
="000710"	天兴仪表	0.54	11.25	0.06	11.25	11.26	32275	321	          0.00	          2.13	11.23	11.81	11.11	11.19	--  	36979568	  1.45	汽车配件	四川	 6.26	11.46	14744	17531	  0.84	128	40	--  	      15120.00	
="002371"	七星电子	0.53	22.57	0.12	22.56	22.57	13300	242	         -0.08	          0.40	22.41	22.76	22.36	22.45	   198.06	30016770	  0.54	半导体	北京	 1.78	22.57	5133	8167	  0.63	13	32	--  	      33281.44	
="300120"	经纬电材	0.53	7.57	0.04	7.56	7.57	24677	276	         -0.39	          1.64	7.63	7.72	7.56	7.53	   190.14	18859840	  0.73	电气设备	天津	 2.12	7.64	11386	13291	  0.86	101	403	--  	      15048.20	
="600461"	洪城水业	0.53	9.47	0.05	9.48	9.49	50315	30	          0.42	          1.52	9.50	9.73	9.43	9.42	    22.11	48217044	  0.72	水务	江西	 3.18	9.58	28514	21801	  1.31	15	85	--  	      33000.00	
="300175"	朗源股份	0.53	5.71	0.03	5.71	5.72	138697	1256	         -0.34	          2.98	5.67	5.84	5.52	5.68	    23.58	79031344	  0.69	食品	山东	 5.63	5.70	69921	68776	  1.02	30	980	--  	      46479.35	
="000061"	农 产 品	0.50	10.14	0.05	10.14	10.15	56353	428	          0.19	          0.35	10.10	10.20	10.06	10.09	--  	57112340	  0.60	农业综合	深圳	 1.39	10.13	28285	28068	  1.01	28	266	--  	     160569.73	
="600810"	神马股份	0.49	6.13	0.03	6.13	6.14	32851	100	          0.00	          0.74	6.10	6.17	6.05	6.10	    28.85	20088692	  0.57	化纤	河南	 1.97	6.12	18286	14565	  1.26	106	1773	--  	      44228.00	
="000411"	英特集团	0.47	12.77	0.06	12.76	12.77	10176	16	          0.07	          0.50	12.61	12.84	12.53	12.71	    40.07	12909228	  0.37	医药连锁	浙江	 2.44	12.68	4326	5850	  0.74	20	18	--  	      20363.83	
="600664"	哈药股份	0.46	6.60	0.03	6.59	6.60	102732	39	         -0.15	          0.98	6.57	6.66	6.56	6.57	    18.48	67853840	  1.01	化学制药	黑龙江	 1.52	6.60	43387	59345	  0.73	249	903	--  	     105338.95	
="002621"	大连三垒	0.44	11.42	0.05	11.42	11.43	21910	170	          0.00	          3.90	11.40	11.68	11.36	11.37	    38.84	25171650	  0.95	专用机械	辽宁	 2.81	11.49	11991	9919	  1.21	155	83	--  	       5625.00	
="000861"	海印股份	0.44	11.45	0.05	11.44	11.45	29008	144	         -0.26	          1.45	11.42	11.58	11.32	11.40	    30.30	33199946	  0.73	房产服务	广东	 2.28	11.44	15261	13747	  1.11	195	32	--  	      19992.93	
="000629"	攀钢钒钛	0.42	2.37	0.01	2.36	2.37	515900	2781	          0.00	          1.08	2.36	2.39	2.35	2.36	    12.59	122314288	  0.67	普钢	四川	 1.69	2.37	240643	275257	  0.87	16237	8832	--  	     476729.22	
="601006"	大秦铁路	0.41	7.29	0.03	7.30	7.31	380228	60	         -0.54	          0.26	7.25	7.42	7.24	7.26	     7.68	279051264	  1.76	铁路	山西	 2.48	7.34	130841	249387	  0.52	1035	869	--  	    1486679.13	
="000014"	沙河股份	0.33	12.00	0.04	12.00	12.02	19733	68	          0.25	          0.98	11.96	12.15	11.86	11.96	    48.39	23817654	  0.49	全国地产	深圳	 2.42	12.07	9974	9759	  1.02	92	21	--  	      20170.51	
="000959"	首钢股份	0.32	3.11	0.01	3.10	3.11	65985	375	          0.32	          0.55	3.10	3.14	3.08	3.10	   878.74	20458204	  0.31	普钢	北京	 1.94	3.10	38753	27232	  1.42	4165	2771	--  	     120615.02	
="600365"	通葡股份	0.31	9.58	0.03	9.58	9.60	26647	6	         -0.20	          1.90	9.51	9.73	9.48	9.55	   636.38	25521720	  1.12	红黄药酒	吉林	 2.62	9.58	13952	12695	  1.10	14	46	--  	      14000.00	
="000027"	深圳能源	0.31	6.42	0.02	6.41	6.42	86229	613	          0.00	          0.90	6.40	6.49	6.39	6.40	     8.21	55519580	  0.79	火力发电	深圳	 1.56	6.44	36174	50055	  0.72	407	1161	--  	      95835.00	
="600660"	福耀玻璃	0.31	9.84	0.03	9.83	9.85	76455	300	          0.10	          0.38	9.79	9.85	9.71	9.81	     9.40	74755464	  0.58	汽车配件	福建	 1.43	9.78	35298	41157	  0.86	95	633	--  	     200298.64	
="300009"	安科生物	0.30	16.53	0.05	16.49	16.53	26131	329	          0.18	          1.40	16.51	16.56	16.33	16.48	    54.18	42911904	  0.61	生物制药	安徽	 1.40	16.42	16104	10027	  1.61	5	31	--  	      18655.17	
="002092"	中泰化学	0.26	7.80	0.02	7.80	7.81	284797	2768	         -0.25	          2.47	7.96	8.09	7.78	7.78	    30.20	225518784	  1.13	化工原料	新疆	 3.98	7.92	147488	137309	  1.07	1837	755	--  	     115396.17	
="601857"	中国石油	0.25	7.93	0.02	7.91	7.92	340416	1	         -0.12	          0.02	7.91	8.02	7.88	7.91	    10.59	270980704	  1.68	石油开采	北京	 1.77	7.96	141330	199086	  0.71	340	18	--  	   16192208.00	
="002016"	世荣兆业	0.25	8.13	0.02	8.12	8.13	117685	780	         -0.12	          1.82	8.11	8.37	7.97	8.11	    59.93	96500696	  1.57	区域地产	广东	 4.93	8.20	67667	50018	  1.35	143	25	--  	      64609.46	
="002318"	久立特材	0.24	20.57	0.05	20.57	20.58	102459	250	         -0.14	          3.44	20.88	21.79	20.52	20.52	    30.54	216493264	  1.64	特钢	浙江	 6.19	21.13	46902	55557	  0.84	29	391	--  	      29783.83	
="002037"	久联发展	0.23	12.98	0.03	12.97	12.98	124031	1117	          0.00	          3.79	12.95	13.54	12.88	12.95	    46.29	163904496	  0.92	化工原料	贵州	 5.10	13.21	69142	54889	  1.26	133	585	--  	      32736.82	
="002478"	常宝股份	0.20	10.14	0.02	10.13	10.14	18588	27	          0.09	          0.71	10.14	10.25	10.05	10.12	    18.34	18862690	  0.57	普钢	江苏	 1.98	10.15	9939	8649	  1.15	41	13	--  	      26154.86	
="600872"	中炬高新	0.19	10.80	0.02	10.79	10.80	56171	19	         -0.09	          0.71	10.78	10.90	10.72	10.78	    28.10	60792656	  0.66	食品	广东	 1.67	10.82	26075	30096	  0.87	145	6	--  	      79663.71	
="600319"	亚星化学	0.19	5.41	0.01	5.40	5.41	90514	62	          0.18	          2.87	5.38	5.63	5.36	5.40	--  	49652688	  0.51	化工原料	山东	 5.00	5.49	49239	41275	  1.19	1340	455	--  	      31559.40	
="600516"	方大炭素	0.18	10.96	0.02	10.97	10.98	511637	31	         -0.09	          2.98	10.88	11.16	10.71	10.94	    36.44	558367360	  0.87	矿物制品	甘肃	 4.11	10.91	250305	261332	  0.96	1812	1417	--  	     171916.03	
="000903"	云内动力	0.18	5.50	0.01	5.49	5.50	65601	154	          0.00	          0.96	5.49	5.56	5.43	5.49	    21.77	36152924	  0.61	机械基件	云南	 2.37	5.51	31859	33742	  0.94	891	1001	--  	      68076.00	
="600007"	中国国贸	0.18	11.01	0.02	11.01	11.02	26131	10	          0.91	          0.26	11.20	11.20	10.80	10.99	    20.69	28652996	  1.24	园区开发	北京	 3.64	10.96	12129	14002	  0.87	74	317	--  	     100728.25	
="600249"	两面针	0.17	5.86	0.01	5.85	5.87	60563	49	          0.17	          1.35	5.82	5.93	5.74	5.85	--  	35479068	  1.08	日用化工	广西	 3.25	5.86	28480	32083	  0.89	510	30	--  	      45000.00	
="000728"	国元证券	0.16	12.90	0.02	12.89	12.90	351675	3251	          0.07	          1.79	12.78	13.18	12.75	12.88	    20.87	455790560	  0.76	证券	安徽	 3.34	12.96	177707	173968	  1.02	1704	609	--  	     196410.00	
="000702"	正虹科技	0.13	7.43	0.01	7.43	7.44	51824	324	         -0.13	          1.94	7.45	7.58	7.35	7.42	   191.22	38601992	  0.77	饲料	湖南	 3.10	7.45	25603	26221	  0.98	135	118	--  	      26663.19	
="002107"	沃华医药	0.13	15.45	0.02	15.44	15.45	7499	69	          0.00	          1.00	15.43	15.51	15.26	15.43	   284.34	11543824	  0.38	中成药	山东	 1.62	15.39	4198	3301	  1.27	3	50	--  	       7511.04	
="002206"	海 利 得	0.13	7.75	0.01	7.75	7.76	67715	391	         -0.12	          2.01	7.85	7.89	7.54	7.74	    26.46	52168632	  1.12	化纤	浙江	 4.52	7.70	38392	29323	  1.31	89	351	--  	      33630.10	
="300258"	精锻科技	0.13	16.02	0.02	16.02	16.05	14255	26	          0.12	          0.86	16.00	16.17	15.66	16.00	    23.06	22728878	  0.67	汽车配件	江苏	 3.19	15.94	7771	6484	  1.20	130	58	--  	      16592.81	
="000609"	绵世股份	0.10	10.33	0.01	10.33	10.34	266527	3483	          0.09	          9.72	11.00	11.35	10.26	10.32	--  	291722880	  5.44	区域地产	北京	10.56	10.95	164297	102230	  1.61	2170	189	--  	      27412.69	
="002672"	东江环保	0.07	30.40	0.02	30.38	30.40	24941	429	         -0.32	          1.97	30.50	31.38	30.28	30.38	    38.77	76688184	  0.74	环境保护	广东	 3.62	30.75	15518	9423	  1.65	13	296	--  	      12657.33	
="000712"	锦龙股份	0.06	16.06	0.01	16.04	16.06	47249	1435	          0.18	          1.05	16.00	16.26	15.91	16.05	    31.09	75903744	  0.54	多元金融	广东	 2.18	16.06	26169	21080	  1.24	10	327	--  	      44788.87	
="601872"	招商轮船	0.00	2.86	0.00	2.86	2.87	71281	1	          0.00	          0.19	2.87	2.88	2.85	2.86	    18.39	20439790	  0.53	水运	上海	 1.05	2.87	37119	34162	  1.09	2882	1716	--  	     377673.75	
="601567"	三星电气	0.00	14.37	0.00	--  	--  	0	0	          0.00	          0.00	--  	--  	--  	14.37	    27.85	0	  0.00	电器仪表	浙江	 0.00	14.37	0	0	--  	0	0	--  	      34425.00	
="601005"	重庆钢铁	0.00	2.69	0.00	2.68	2.69	279727	498	         -0.73	          2.34	2.69	2.80	2.67	2.69	--  	76073080	  1.01	普钢	重庆	 4.83	2.72	117937	161790	  0.73	2101	67	--  	     119500.00	
="600992"	贵绳股份	0.00	8.66	0.00	8.66	8.67	10141	1	         -0.23	          0.62	8.66	8.75	8.62	8.66	   103.60	8818989	  0.62	钢加工	贵州	 1.50	8.70	5524	4617	  1.20	47	54	--  	      16437.00	
="600987"	航民股份	0.00	8.29	0.00	8.27	8.30	74756	200	          0.00	          1.18	8.32	8.37	8.09	8.29	    14.85	61406528	  0.45	纺织	浙江	 3.38	8.21	30895	43861	  0.70	3	325	--  	      63531.00	
="600986"	科达股份	0.00	7.05	0.00	--  	--  	0	0	          0.00	          0.00	--  	--  	--  	7.05	    95.92	0	  0.00	建筑施工	山东	 0.00	7.05	0	0	--  	0	0	--  	      33526.96	
="600981"	汇鸿股份	0.00	4.21	0.00	--  	--  	0	0	          0.00	          0.00	--  	--  	--  	4.21	   109.50	0	  0.00	商贸代理	江苏	 0.00	4.21	0	0	--  	0	0	--  	      51610.64	
="600962"	国投中鲁	0.00	7.38	0.00	--  	--  	0	0	          0.00	          0.00	--  	--  	--  	7.38	--  	0	  0.00	软饮料	北京	 0.00	7.38	0	0	--  	0	0	--  	      25402.00	
="600876"	洛阳玻璃	0.00	7.24	0.00	--  	--  	0	0	          0.00	          0.00	--  	--  	--  	7.24	    12.84	0	  0.00	玻璃	河南	 0.00	7.24	0	0	--  	0	0	--  	      25001.82	
="600863"	内蒙华电	0.00	2.81	0.00	2.81	2.82	833077	50	          0.00	          3.16	2.81	2.88	2.80	2.81	     9.96	236574480	  1.04	火力发电	内蒙	 2.85	2.84	395064	438013	  0.90	7050	12070	--  	     263910.44	
="600847"	万里股份	0.00	18.19	0.00	--  	--  	0	0	          0.00	          0.00	--  	--  	--  	18.19	   622.58	0	  0.00	电气设备	重庆	 0.00	18.19	0	0	--  	0	0	--  	       8866.00	
="600845"	宝信软件	0.00	30.49	0.00	--  	--  	0	0	          0.00	          0.00	--  	--  	--  	30.49	    41.64	0	  0.00	软件服务	上海	 0.00	30.49	0	0	--  	0	0	--  	      22651.73	
="600828"	成商集团	0.00	5.13	0.00	5.12	5.13	27290	36	          0.00	          0.48	5.11	5.15	5.09	5.13	    14.21	13966847	  0.59	百货	四川	 1.17	5.12	14962	12328	  1.21	144	496	--  	      56981.73	
="600807"	天业股份	0.00	9.34	0.00	9.33	9.35	14021	100	         -0.10	          0.46	9.34	9.38	9.25	9.34	   172.68	13079111	  0.27	区域地产	山东	 1.39	9.33	7961	6060	  1.31	92	178	--  	      30788.75	
="600523"	贵航股份	0.00	16.89	0.00	--  	--  	0	0	          0.00	          0.00	--  	--  	--  	16.89	    52.14	0	  0.00	汽车配件	贵州	 0.00	16.89	0	0	--  	0	0	--  	      28860.33	
="600497"	驰宏锌锗	0.00	10.39	0.00	--  	--  	0	0	          0.00	          0.00	--  	--  	--  	10.39	    91.83	0	  0.00	铅锌	云南	 0.00	10.39	0	0	--  	0	0	--  	     166756.09	
="600288"	大恒科技	0.00	10.40	0.00	10.40	10.41	196278	5	         -0.47	          4.49	10.40	10.83	10.34	10.40	   824.66	207904080	  1.04	通信设备	北京	 4.71	10.59	98740	97538	  1.01	70	5	--  	      43680.00	
="600241"	时代万恒	0.00	8.28	0.00	--  	--  	0	0	          0.00	          0.00	--  	--  	--  	8.28	--  	0	  0.00	商贸代理	辽宁	 0.00	8.28	0	0	--  	0	0	--  	      18020.00	
="600146"	大元股份	0.00	11.52	0.00	--  	--  	0	0	          0.00	          0.00	--  	--  	--  	11.52	--  	0	  0.00	塑料	宁夏	 0.00	11.52	0	0	--  	0	0	--  	      20000.00	
="600064"	南京高科	0.00	11.78	0.00	11.77	11.78	29603	50	          0.08	          0.57	11.75	11.90	11.68	11.78	    11.50	34833908	  0.73	园区开发	江苏	 1.87	11.77	16539	13064	  1.27	29	93	--  	      51621.87	
="600054"	黄山旅游	0.00	13.80	0.00	--  	--  	0	0	          0.00	          0.00	--  	--  	--  	13.80	    28.89	0	  0.00	旅游景点	安徽	 0.00	13.80	0	0	--  	0	0	--  	      11762.00	
="600026"	中海发展	0.00	5.16	0.00	5.15	5.16	51123	17	          0.19	          0.24	5.15	5.21	5.12	5.16	    84.57	26366694	  0.39	水运	上海	 1.74	5.16	29156	21967	  1.33	144	183	--  	     210855.63	
="300230"	永利带业	--  	0.00	--  	--  	--  	0	0	--  	          0.00	--  	--  	--  	9.63	    37.74	0	  0.00	塑料	上海	 0.00	9.63	0	0	--  	0	0	--  	      10127.07	
="300194"	福安药业	--  	0.00	--  	--  	--  	0	0	--  	          0.00	--  	--  	--  	21.58	    84.71	0	  0.00	化学制药	重庆	 0.00	21.58	0	0	--  	0	0	--  	      12880.26	
="300176"	鸿特精密	0.00	14.66	0.00	14.64	14.66	13640	12	         -0.06	          1.27	14.63	14.95	14.52	14.66	    87.27	20136314	  1.09	汽车配件	广东	 2.93	14.76	7215	6425	  1.12	3	49	--  	      10728.00	
="300143"	星河生物	--  	0.00	--  	--  	--  	0	0	--  	          0.00	--  	--  	--  	11.70	--  	0	  0.00	种植业	广东	 0.00	11.70	0	0	--  	0	0	--  	      10587.91	
="300113"	顺网科技	--  	0.00	--  	--  	--  	0	0	--  	          0.00	--  	--  	--  	28.10	   108.73	0	  0.00	互联网	浙江	 0.00	28.10	0	0	--  	0	0	--  	      17038.96	
="300013"	新宁物流	--  	0.00	--  	--  	--  	0	0	--  	          0.00	--  	--  	--  	9.26	   709.64	0	  0.00	仓储物流	江苏	 0.00	9.26	0	0	--  	0	0	--  	      18000.00	
="002568"	百润股份	--  	0.00	--  	--  	--  	0	0	--  	          0.00	--  	--  	--  	18.08	    44.59	0	  0.00	食品	上海	 0.00	18.08	0	0	--  	0	0	--  	      10861.00	
="002509"	天广消防	--  	0.00	--  	--  	--  	0	0	--  	          0.00	--  	--  	--  	12.27	    49.43	0	  0.00	专用机械	福建	 0.00	12.27	0	0	--  	0	0	--  	      23109.89	
="002447"	壹桥苗业	0.00	16.30	0.00	16.30	16.32	24020	433	         -0.18	          1.09	16.34	16.36	15.90	16.30	    48.44	38740372	  0.78	渔业	辽宁	 2.82	16.13	11105	12915	  0.86	68	202	--  	      21961.50	
="002406"	远东传动	--  	0.00	--  	--  	--  	0	0	--  	          0.00	--  	--  	--  	10.83	    19.87	0	  0.00	汽车配件	河南	 0.00	10.83	0	0	--  	0	0	--  	      17661.66	
="002383"	合众思壮	--  	0.00	--  	--  	--  	0	0	--  	          0.00	--  	--  	--  	26.75	--  	0	  0.00	通信设备	北京	 0.00	26.75	0	0	--  	0	0	--  	      10262.59	
="002330"	得利斯	--  	0.00	--  	--  	--  	0	0	--  	          0.00	--  	--  	--  	7.68	    62.48	0	  0.00	食品	山东	 0.00	7.68	0	0	--  	0	0	--  	      37228.00	
="002303"	美盈森	--  	0.00	--  	--  	--  	0	0	--  	          0.00	--  	--  	--  	14.24	    45.78	0	  0.00	造纸	深圳	 0.00	14.24	0	0	--  	0	0	--  	      36014.83	
="002175"	广陆数测	--  	0.00	--  	--  	--  	0	0	--  	          0.00	--  	--  	--  	19.01	   144.73	0	  0.00	电器仪表	广西	 0.00	19.01	0	0	--  	0	0	--  	      10624.57	
="002103"	广博股份	--  	0.00	--  	--  	--  	0	0	--  	          0.00	--  	--  	--  	10.18	   480.06	0	  0.00	文教休闲	浙江	 0.00	10.18	0	0	--  	0	0	--  	      17095.44	
="002073"	软控股份	--  	0.00	--  	--  	--  	0	0	--  	          0.00	--  	--  	--  	10.23	    34.89	0	  0.00	软件服务	山东	 0.00	10.23	0	0	--  	0	0	--  	      61879.48	
="002053"	云南盐化	--  	0.00	--  	--  	--  	0	0	--  	          0.00	--  	--  	--  	10.94	   403.33	0	  0.00	化工原料	云南	 0.00	10.94	0	0	--  	0	0	--  	      18585.10	
="000998"	隆平高科	--  	0.00	--  	--  	--  	0	0	--  	          0.00	--  	--  	--  	13.70	    51.69	0	  0.00	种植业	湖南	 0.00	13.70	0	0	--  	0	0	--  	      83123.59	
="000683"	远兴能源	0.00	4.08	0.00	4.08	4.09	72641	933	         -0.24	          0.95	4.08	4.15	4.08	4.08	--  	29794744	  0.41	化工原料	内蒙	 1.72	4.10	35700	36941	  0.97	419	452	--  	      76781.39	
="000018"	中冠A	--  	0.00	--  	--  	--  	0	0	--  	          0.00	--  	--  	--  	10.44	--  	0	  0.00	纺织	深圳	 0.00	10.44	0	0	--  	0	0	--  	       9972.04	
="600990"	四创电子	-0.06	33.81	-0.02	33.86	33.87	21088	5	          0.32	          1.54	33.78	34.99	33.69	33.83	   274.58	72183432	  0.63	通信设备	安徽	 3.84	34.23	10932	10156	  1.08	5	18	--  	      13670.20	
="002324"	普利特	-0.06	16.55	-0.01	16.53	16.55	18972	137	         -0.06	          1.23	16.46	16.64	16.40	16.56	    22.75	31293328	  0.86	塑料	上海	 1.45	16.49	9258	9714	  0.95	10	59	--  	      15367.70	
="002418"	康盛股份	-0.09	10.59	-0.01	10.59	10.60	21514	1233	          0.37	          1.32	10.67	10.67	10.36	10.60	--  	22604826	  0.51	机械基件	浙江	 2.92	10.51	11729	9785	  1.20	426	460	--  	      16338.44	
="002183"	怡 亚 通	-0.11	9.11	-0.01	9.10	9.11	337815	2425	         -0.54	          3.43	9.10	9.36	9.00	9.12	    29.52	310639968	  1.05	仓储物流	深圳	 3.95	9.20	164997	172818	  0.95	2383	87	--  	      98612.63	
="002036"	宜科科技	-0.12	8.47	-0.01	8.47	8.48	20889	212	         -0.11	          1.06	8.48	8.59	8.38	8.48	   119.93	17710910	  0.64	服饰	浙江	 2.48	8.48	11680	9209	  1.27	54	160	--  	      19791.78	
="002485"	希努尔	-0.13	7.85	-0.01	7.85	7.86	23286	99	          0.00	          0.73	7.86	7.92	7.82	7.86	--  	18316152	  0.61	服饰	山东	 1.27	7.87	13247	10039	  1.32	341	253	--  	      32000.00	
="600165"	新日恒力	-0.13	7.64	-0.01	7.63	7.64	23558	31	          0.26	          1.21	7.62	7.68	7.54	7.65	    64.28	17961828	  0.47	钢加工	宁夏	 1.83	7.62	12598	10960	  1.15	249	284	--  	      19395.34	
="000410"	沈阳机床	-0.14	7.23	-0.01	7.23	7.24	106480	738	          0.00	          1.44	7.26	7.32	7.18	7.24	   150.89	77191512	  0.59	机床制造	辽宁	 1.93	7.25	63932	42548	  1.50	292	948	--  	      73877.59	
="002033"	丽江旅游	-0.15	13.70	-0.02	13.70	13.71	22872	234	          0.14	          1.16	13.65	13.87	13.61	13.72	    23.11	31422658	  0.36	旅游景点	云南	 1.90	13.74	13756	9116	  1.51	53	3	--  	      19658.59	
="600393"	东华实业	-0.15	6.49	-0.01	6.48	6.49	37225	38	          0.00	          1.29	6.51	6.53	6.45	6.50	   249.26	24144548	  1.07	全国地产	广东	 1.23	6.49	14337	22888	  0.63	211	529	--  	      28950.50	
="600529"	山东药玻	-0.16	12.65	-0.02	12.65	12.66	17484	10	          0.00	          0.68	12.72	12.78	12.60	12.67	    24.15	22163802	  0.59	玻璃	山东	 1.42	12.68	10754	6730	  1.60	1	19	--  	      25738.00	
="600697"	欧亚集团	-0.16	18.91	-0.03	18.88	18.89	12607	17	         -0.10	          0.81	18.94	19.36	18.85	18.94	    12.92	24068894	  0.55	百货	吉林	 2.69	19.09	6601	6006	  1.10	18	13	--  	      15515.59	
="002221"	东华能源	-0.16	12.14	-0.02	12.14	12.15	33430	238	         -0.08	          0.75	12.16	12.34	12.10	12.16	   113.35	40839624	  0.61	石油贸易	江苏	 1.97	12.22	20813	12617	  1.65	296	20	--  	      44718.82	
="600568"	中珠控股	-0.17	11.99	-0.02	11.96	11.99	73216	100	         -0.08	          3.89	12.13	12.28	11.85	12.01	    53.00	88228944	  0.55	区域地产	湖北	 3.58	12.05	38916	34300	  1.13	250	22	--  	      18802.65	
="600785"	新华百货	-0.17	11.45	-0.02	11.44	11.45	26705	5	         -0.08	          1.29	11.47	11.62	11.41	11.47	     6.30	30708912	  0.81	百货	宁夏	 1.83	11.50	14082	12623	  1.12	366	22	--  	      20743.13	
="600095"	哈高科	-0.18	5.67	-0.01	5.67	5.69	75246	80	          0.00	          2.08	5.69	5.79	5.59	5.68	--  	42936988	  0.73	食品	黑龙江	 3.52	5.71	44451	30795	  1.44	147	257	--  	      36126.35	
="600577"	精达股份	-0.18	5.41	-0.01	5.40	5.42	28144	160	          0.55	          0.40	5.42	5.44	5.35	5.42	    30.97	15166162	  0.41	电气设备	安徽	 1.66	5.39	18403	9741	  1.89	170	211	--  	      70956.56	
="002392"	北京利尔	-0.19	10.57	-0.02	10.55	10.57	46199	1078	          0.66	          1.84	10.59	10.69	10.34	10.59	    26.35	48573520	  0.62	其他建材	北京	 3.30	10.51	27491	18708	  1.47	44	2388	--  	      25068.18	
="002234"	*ST民和	-0.20	9.78	-0.02	9.78	9.80	17463	50	          0.10	          0.85	9.83	9.92	9.73	9.80	   123.62	17172400	  0.68	农业综合	山东	 1.94	9.83	11748	5715	  2.06	0	41	--  	      20664.49	
="002680"	黄海机械	-0.21	23.74	-0.05	23.73	23.74	5591	37	         -0.21	          2.33	23.72	24.00	23.55	23.79	    98.67	13305282	  0.47	工程机械	江苏	 1.89	23.80	2829	2762	  1.02	54	70	--  	       2399.22	
="600131"	岷江水电	-0.22	4.62	-0.01	4.62	4.63	27439	10	         -0.21	          0.69	4.63	4.68	4.59	4.63	    16.14	12697790	  0.41	水力发电	四川	 1.94	4.63	17512	9927	  1.76	22	183	--  	      39736.69	
="300179"	四方达	-0.22	8.99	-0.02	8.89	8.99	30710	167	          0.78	          2.31	9.18	9.18	8.80	9.01	    59.98	27508382	  0.83	矿物制品	河南	 4.22	8.96	17367	13343	  1.30	56	368	--  	      13301.12	
="600487"	亨通光电	-0.24	16.61	-0.04	16.60	16.61	19256	32	         -0.18	          0.62	16.60	16.97	16.51	16.65	    39.74	32112112	  0.59	通信设备	江苏	 2.76	16.68	9325	9931	  0.94	114	62	--  	      31062.38	
="002368"	太极股份	-0.26	38.80	-0.10	38.79	38.80	10375	115	          0.25	          0.45	38.95	39.05	38.10	38.90	    82.15	39994516	  0.51	软件服务	北京	 2.44	38.55	5812	4563	  1.27	4	40	--  	      22807.86	
="000795"	太原刚玉	-0.29	10.27	-0.03	10.26	10.27	33847	382	         -0.09	          1.22	10.27	10.45	10.21	10.30	--  	34892660	  0.57	矿物制品	山西	 2.33	10.31	18329	15518	  1.18	66	64	--  	      27679.44	
="600192"	长城电工	-0.30	10.10	-0.03	10.11	10.12	88149	5	          0.79	          2.00	10.10	10.28	9.96	10.13	    38.37	89065384	  0.75	电气设备	甘肃	 3.16	10.10	41825	46324	  0.90	53	155	--  	      44174.80	
="002072"	德棉股份	-0.32	9.28	-0.03	9.27	9.28	36693	491	          0.76	          2.09	9.29	9.49	9.11	9.31	--  	34111900	  0.42	纺织	山东	 4.08	9.30	21777	14916	  1.46	5	568	--  	      17596.65	
="600682"	南京新百	-0.32	12.30	-0.04	12.27	12.29	23060	10	          0.40	          0.64	12.34	12.35	12.11	12.34	    18.28	28271640	  0.93	百货	江苏	 1.94	12.26	11412	11648	  0.98	64	57	--  	      35782.51	
="000762"	西藏矿业	-0.33	15.15	-0.05	15.15	15.16	92888	920	         -0.13	          1.95	15.19	15.50	15.08	15.20	--  	142217200	  0.55	小金属	西藏	 2.76	15.31	47127	45761	  1.03	484	190	--  	      47597.48	
="600460"	士兰微	-0.34	5.93	-0.02	5.92	5.93	91500	30	          0.00	          0.81	5.94	5.98	5.90	5.95	    60.08	54352448	  0.49	半导体	浙江	 1.34	5.94	51607	39893	  1.29	1200	114	--  	     112860.79	
="000920"	南方汇通	-0.34	11.83	-0.04	11.78	11.83	19750	225	          0.25	          0.47	11.90	11.98	11.75	11.87	   114.97	23405706	  0.51	运输设备	贵州	 1.94	11.85	12518	7232	  1.73	122	7	--  	      42200.00	
="600219"	南山铝业	-0.34	5.90	-0.02	5.88	5.90	169176	113	          0.00	          0.87	5.90	5.92	5.81	5.92	    31.99	99226520	  0.66	铝	山东	 1.86	5.87	68342	100834	  0.68	605	400	--  	     193417.06	
="600167"	联美控股	-0.34	11.78	-0.04	11.77	11.79	18607	50	         -0.08	          0.88	11.90	12.00	11.68	11.82	     5.66	21925136	  1.06	供气供热	辽宁	 2.71	11.78	11583	7024	  1.65	188	19	--  	      21100.00	
="600595"	中孚实业	-0.39	5.09	-0.02	5.09	5.10	267687	64	         -0.39	          1.77	5.08	5.13	4.93	5.11	    31.14	134800960	  0.47	铝	河南	 3.91	5.04	130077	137610	  0.95	143	380	--  	     151487.38	
="002179"	中航光电	-0.39	22.86	-0.09	22.85	22.86	33480	247	         -0.17	          0.75	22.95	23.39	22.59	22.95	    39.64	76833760	  0.69	元器件	河南	 3.49	22.95	17910	15570	  1.15	5	48	--  	      44425.35	
="300344"	太空板业	-0.40	7.50	-0.03	7.50	7.51	36027	446	         -0.26	          3.46	7.53	7.62	7.48	7.53	--  	27185416	  0.79	其他建材	北京	 1.86	7.55	17693	18334	  0.97	360	210	--  	      10422.41	
="002032"	苏 泊 尔	-0.41	14.57	-0.06	14.55	14.57	4125	25	          0.06	          0.12	14.83	14.83	14.51	14.63	    12.18	6021821	  0.45	家用电器	浙江	 2.19	14.60	2378	1747	  1.36	16	48	--  	      33889.80	
="000890"	法 尔 胜	-0.41	4.81	-0.02	4.81	4.82	56847	394	          0.00	          1.50	4.83	4.88	4.79	4.83	   273.86	27493600	  0.80	钢加工	江苏	 1.86	4.84	31377	25470	  1.23	430	184	--  	      37954.32	
="600674"	川投能源	-0.44	13.52	-0.06	13.50	13.51	157723	15	         -0.14	          0.76	13.60	13.90	13.47	13.58	    15.60	216084992	  0.96	火力发电	四川	 3.17	13.70	95031	62692	  1.52	2426	73	--  	     206626.05	
="600866"	星湖科技	-0.45	6.70	-0.03	6.69	6.71	85027	29	          0.14	          1.54	6.70	6.75	6.56	6.73	--  	56546744	  0.82	食品	广东	 2.82	6.65	48563	36464	  1.33	222	514	--  	      55039.35	
="000936"	华西股份	-0.46	4.37	-0.02	4.37	4.38	35074	392	         -0.22	          0.47	4.39	4.43	4.35	4.39	   100.82	15408630	  0.47	化纤	江苏	 1.82	4.39	20263	14811	  1.37	973	1	--  	      74768.59	
="000021"	长城开发	-0.47	6.33	-0.03	6.33	6.34	77786	1222	          0.00	          0.59	6.36	6.38	6.26	6.36	--  	49168648	  0.46	电脑设备	深圳	 1.89	6.32	51174	26612	  1.92	1080	554	--  	     131783.28	
="000636"	风华高科	-0.51	7.75	-0.04	7.74	7.75	67350	656	          0.00	          1.00	7.80	7.90	7.65	7.79	    64.81	52544252	  0.63	元器件	广东	 3.21	7.80	34572	32778	  1.05	365	486	--  	      67093.63	
="600681"	万鸿集团	-0.52	5.70	-0.03	5.70	5.71	33152	6	         -0.52	          1.50	5.72	5.79	5.69	5.73	--  	19049512	  0.66	装修装饰	湖北	 1.75	5.75	18470	14682	  1.26	265	34	--  	      22142.18	
="600401"	海润光伏	-0.53	9.46	-0.05	9.51	9.52	216502	786	          5.93	          6.10	9.50	9.53	8.80	9.51	--  	198421104	  1.60	半导体	江苏	 7.68	9.16	121990	94512	  1.29	2465	1553	--  	      35478.37	
="002150"	通润装备	-0.53	7.50	-0.04	7.50	7.52	19555	253	          0.00	          0.79	7.47	7.59	7.38	7.54	    32.41	14676845	  0.82	机械基件	江苏	 2.79	7.51	9266	10289	  0.90	420	55	--  	      24786.00	
="002455"	百川股份	-0.55	9.05	-0.05	9.03	9.05	53813	489	         -0.11	          4.06	9.10	9.23	8.89	9.10	    39.40	48759816	  0.98	化工原料	江苏	 3.74	9.06	27571	26242	  1.05	49	22	--  	      13252.91	
="002697"	红旗连锁	-0.55	12.65	-0.07	12.64	12.65	37498	331	         -0.07	          2.44	12.73	12.85	12.63	12.72	    23.82	47707408	  0.57	超市连锁	四川	 1.73	12.72	20450	17048	  1.20	281	1	--  	      15399.45	
="002417"	三元达	-0.56	8.93	-0.05	8.93	8.94	101547	917	         -0.77	          5.17	8.80	9.29	8.71	8.98	--  	91973344	  1.54	通信设备	福建	 6.46	9.06	51717	49830	  1.04	434	30	--  	      19647.59	
="601678"	滨化股份	-0.57	8.79	-0.05	8.76	8.78	235083	76	          0.68	          3.56	8.79	8.94	8.70	8.84	    12.48	207209776	  0.98	化工原料	山东	 2.71	8.81	92128	142955	  0.64	11	199	--  	      66000.00	
="000929"	兰州黄河	-0.57	8.72	-0.05	8.72	8.75	18551	69	          0.00	          1.00	8.77	8.86	8.68	8.77	    56.61	16261877	  0.55	啤酒	甘肃	 2.05	8.77	10509	8042	  1.31	103	49	--  	      18558.80	
="002692"	远程电缆	-0.57	8.70	-0.05	8.70	8.71	30587	291	          0.00	          2.83	8.73	8.76	8.64	8.75	    27.82	26584314	  0.42	电气设备	江苏	 1.37	8.69	20253	10334	  1.96	235	10	--  	      10792.58	
="600865"	百大集团	-0.57	6.95	-0.04	6.93	6.95	77760	3	          0.28	          2.07	6.98	7.04	6.88	6.99	    14.12	53999952	  1.22	百货	浙江	 2.29	6.94	48760	29000	  1.68	67	74	--  	      37624.03	
="002650"	加加食品	-0.58	10.28	-0.06	10.28	10.29	40317	830	          0.19	          1.80	10.24	10.36	10.15	10.34	    29.05	41285428	  0.37	食品	湖南	 2.03	10.24	23177	17140	  1.35	46	228	--  	      22439.23	
="600850"	华东电脑	-0.60	26.31	-0.16	26.25	26.30	9839	22	         -0.60	          0.58	26.30	26.66	26.30	26.47	    47.30	26144142	  0.82	电脑设备	上海	 1.36	26.57	3500	6339	  0.55	13	26	--  	      17103.15	
="000600"	建投能源	-0.63	6.35	-0.04	6.35	6.36	71868	1127	         -0.47	          0.79	6.40	6.45	6.35	6.39	     5.94	45909208	  0.53	火力发电	河北	 1.56	6.39	37801	34067	  1.11	1342	53	--  	      91358.03	
="600815"	厦工股份	-0.63	4.70	-0.03	4.70	4.71	72662	7	          0.42	          0.77	4.70	4.75	4.61	4.73	    47.71	34028656	  0.30	工程机械	福建	 2.96	4.68	42642	30020	  1.42	1695	319	--  	      93970.96	
="600350"	山东高速	-0.64	3.12	-0.02	3.11	3.12	23201	44	         -0.31	          0.05	3.14	3.15	3.11	3.14	    10.97	7261863	  0.36	路桥	山东	 1.27	3.13	14231	8970	  1.59	3858	303	--  	     481116.59	
="600733"	S前锋	-0.67	29.87	-0.20	29.87	29.89	9044	30	         -0.10	          1.20	29.91	30.17	29.80	30.07	   423.10	27092448	  0.74	区域地产	四川	 1.23	29.96	4748	4296	  1.11	20	10	--  	       7560.00	
="002365"	永安药业	-0.67	11.87	-0.08	11.87	11.90	47242	394	          0.16	          3.41	11.85	12.11	11.67	11.95	    57.93	56189016	  0.96	生物制药	湖北	 3.68	11.89	26590	20652	  1.29	159	34	--  	      13834.84	
="000782"	美达股份	-0.69	5.76	-0.04	5.75	5.76	25192	136	          0.17	          0.71	5.84	5.86	5.67	5.80	--  	14550698	  0.58	化纤	广东	 3.28	5.78	15450	9742	  1.59	87	55	--  	      35269.05	
="600151"	航天机电	-0.70	8.57	-0.06	8.57	8.58	162892	76	         -0.34	          1.35	8.62	8.76	8.56	8.63	   157.84	140984544	  0.51	半导体	上海	 2.32	8.66	86289	76603	  1.13	215	40	--  	     120469.53	
="300172"	中电环保	-0.70	18.52	-0.13	18.52	18.53	44545	155	         -0.05	          4.36	18.94	19.18	18.43	18.65	    51.69	83764840	  0.67	环境保护	江苏	 4.02	18.80	25374	19171	  1.32	21	17	--  	      10224.55	
="300174"	元力股份	-0.70	12.70	-0.09	12.58	12.70	18323	1282	          0.95	          2.78	12.73	12.84	12.52	12.79	   141.81	23205672	  0.53	化工原料	福建	 2.50	12.66	11184	7139	  1.57	1	932	--  	       6594.43	
="002598"	山东章鼓	-0.71	8.40	-0.06	8.39	8.40	40539	276	         -0.11	          1.54	8.52	8.57	8.37	8.46	    35.23	34284836	  0.46	机械基件	山东	 2.36	8.46	21616	18923	  1.14	169	213	--  	      26322.46	
="000785"	武汉中商	-0.72	6.89	-0.05	6.89	6.90	32156	238	          0.00	          1.28	6.94	7.04	6.86	6.94	    29.21	22300190	  0.65	百货	湖北	 2.59	6.93	21415	10741	  1.99	559	597	--  	      25109.36	
="600083"	博信股份	-0.74	8.08	-0.06	8.08	8.10	22646	2	         -0.36	          1.00	8.16	8.36	8.01	8.14	--  	18520044	  0.94	元器件	广东	 4.30	8.18	11828	10818	  1.09	119	8	--  	      22598.08	
="601866"	中海集运	-0.75	2.65	-0.02	2.65	2.66	330188	23	         -0.37	          0.42	2.67	2.68	2.62	2.67	   126.07	87424888	  0.49	水运	上海	 2.25	2.65	158433	171755	  0.92	1537	5424	--  	     793212.50	
="600086"	东方金钰	-0.76	19.65	-0.15	19.65	19.66	76492	6	         -0.10	          2.17	19.82	20.20	19.60	19.80	    50.03	152704464	  1.33	服饰	湖北	 3.03	19.96	39187	37305	  1.05	14	139	--  	      35228.17	
="600135"	乐凯胶片	-0.76	11.79	-0.09	11.75	11.79	61200	114	         -0.08	          1.79	11.83	12.08	11.66	11.88	   105.55	72543352	  0.81	化工原料	河北	 3.54	11.85	32826	28374	  1.16	74	75	--  	      34200.00	
="600601"	方正科技	-0.76	3.90	-0.03	3.89	3.90	244445	208	          0.51	          1.11	3.93	3.96	3.88	3.93	    60.06	95539192	  0.62	电脑设备	上海	 2.04	3.91	155699	88746	  1.75	18576	1740	--  	     219489.13	
="601518"	吉林高速	-0.79	2.51	-0.02	2.51	2.52	62868	1	          0.00	          0.52	2.54	2.55	2.50	2.53	    10.42	15846424	  0.29	路桥	吉林	 1.98	2.52	34446	28422	  1.21	812	1007	--  	     121320.00	
="000610"	西安旅游	-0.79	7.52	-0.06	7.52	7.53	32372	215	         -0.39	          1.66	7.58	7.71	7.51	7.58	--  	24669668	  0.62	旅游服务	陕西	 2.64	7.62	17943	14429	  1.24	60	17	--  	      19502.47	
="000546"	光华控股	-0.80	8.63	-0.07	8.62	8.63	56076	2801	          0.93	          3.83	8.70	8.92	8.46	8.70	--  	48606004	  0.88	矿物制品	吉林	 5.29	8.67	27457	28619	  0.96	1910	6007	--  	      14623.80	
="002608"	舜天船舶	-0.81	11.08	-0.09	11.08	11.09	66536	977	          0.18	          2.03	11.08	11.20	10.95	11.17	    49.53	73743000	  0.82	船舶	江苏	 2.24	11.08	37440	29096	  1.29	24	534	--  	      32855.16	
="000691"	亚太实业	-0.81	6.15	-0.05	6.14	6.15	52116	253	          0.00	          1.79	6.17	6.23	6.06	6.20	  4406.27	32011822	  0.51	区域地产	海南	 2.74	6.14	30692	21424	  1.43	356	342	--  	      29048.63	
="601801"	皖新传媒	-0.84	15.28	-0.13	15.26	15.27	84238	129	         -0.13	          0.93	15.60	15.85	15.25	15.41	    17.07	131109408	  0.61	出版业	安徽	 3.89	15.56	44402	39836	  1.11	85	341	--  	      91000.00	
="600548"	深高速	-0.85	4.65	-0.04	4.64	4.65	32775	20	          0.00	          0.23	4.66	4.72	4.63	4.69	     2.99	15313317	  0.46	路桥	深圳	 1.92	4.67	16970	15805	  1.07	162	166	--  	     143327.03	
="000090"	天健集团	-0.85	8.12	-0.07	8.11	8.12	30148	379	         -0.12	          0.55	8.21	8.23	8.11	8.19	    65.41	24588194	  0.33	建筑施工	深圳	 1.47	8.16	18270	11878	  1.54	204	675	--  	      55253.07	
="000967"	上风高科	-0.87	10.26	-0.09	10.25	10.26	33380	259	         -0.19	          1.36	10.35	10.82	10.23	10.35	    56.46	35042024	  1.08	电气设备	浙江	 5.70	10.50	14800	18580	  0.80	27	187	--  	      24576.49	
="300218"	安利股份	-0.88	11.29	-0.10	11.27	11.29	8727	72	         -0.08	          0.53	11.40	11.48	11.25	11.39	    37.40	9888421	  0.63	塑料	安徽	 2.02	11.33	5408	3319	  1.63	4	180	--  	      16368.00	
="600572"	康恩贝	-0.91	16.42	-0.15	16.37	16.43	42780	112	          0.12	          0.61	16.65	16.66	16.00	16.57	    23.06	69708616	  1.15	中成药	浙江	 3.98	16.29	23063	19717	  1.17	6	10	--  	      70095.61	
="601933"	永辉超市	-0.91	7.62	-0.07	7.61	7.62	118770	53	         -0.13	          0.39	7.72	7.72	7.60	7.69	    27.39	90611904	  0.61	超市连锁	福建	 1.56	7.63	69908	48862	  1.43	1092	47	--  	     307160.00	
="600751"	天津海运	-0.93	6.40	-0.06	6.40	6.41	185940	65	          0.15	          6.23	6.46	6.54	6.36	6.46	   420.52	119673040	  0.67	水运	天津	 2.79	6.44	101381	84559	  1.20	49	3967	--  	      29832.50	
="600191"	华资实业	-0.94	6.32	-0.06	6.31	6.33	30506	56	         -0.15	          0.63	6.39	6.41	6.31	6.38	   348.17	19378356	  0.65	食品	内蒙	 1.57	6.35	17875	12631	  1.42	76	67	--  	      48493.19	
="000792"	盐湖股份	-0.95	17.72	-0.17	17.72	17.73	49191	463	         -0.05	          0.71	17.96	18.05	17.63	17.89	    32.81	87663224	  0.51	农药化肥	青海	 2.35	17.82	29722	19469	  1.53	452	85	--  	      69287.85	
="600104"	上汽集团	-0.96	16.56	-0.16	16.56	16.57	107065	3	         -0.36	          0.12	16.71	16.84	16.50	16.72	     6.73	178856400	  0.61	汽车整车	上海	 2.03	16.71	50961	56104	  0.91	267	2	--  	     924242.19	
="600076"	青鸟华光	-0.97	6.12	-0.06	6.11	6.12	85169	30	          0.82	          2.33	6.15	6.17	6.01	6.18	--  	51785880	  0.74	通信设备	山东	 2.59	6.08	53750	31419	  1.71	60	94	--  	      36553.60	
="002685"	华东重机	-0.99	10.04	-0.10	10.04	10.05	21276	210	         -0.09	          2.14	10.15	10.20	9.98	10.14	   197.27	21459474	  0.45	工程机械	江苏	 2.17	10.09	14097	7179	  1.96	35	30	--  	       9950.00	
="600099"	林海股份	-1.00	7.96	-0.08	7.96	7.97	23502	20	         -0.12	          1.07	8.03	8.18	7.90	8.04	   577.74	18882648	  0.70	摩托车	江苏	 3.48	8.03	14293	9209	  1.55	173	16	--  	      21912.00	
="603333"	明星电缆	-1.02	4.86	-0.05	4.86	4.87	39991	33	          0.00	          2.06	4.92	4.94	4.85	4.91	--  	19536030	  0.56	电气设备	四川	 1.83	4.89	25753	14238	  1.81	50	720	--  	      19450.50	
="600984"	建设机械	-1.02	6.80	-0.07	6.79	6.81	13574	86	          0.00	          0.96	6.90	6.93	6.78	6.87	--  	9310516	  0.58	工程机械	陕西	 2.18	6.86	8781	4793	  1.83	141	80	--  	      14155.59	
="600289"	亿阳信通	-1.02	9.68	-0.10	9.68	9.69	97115	10	         -0.20	          1.71	9.77	9.79	9.54	9.78	   497.87	93965096	  0.49	软件服务	黑龙江	 2.56	9.68	53156	43959	  1.21	284	25	--  	      56737.87	
="002636"	金安国纪	-1.03	11.58	-0.12	11.57	11.58	28705	402	         -0.77	          3.22	11.72	11.86	11.54	11.70	    54.09	33577564	  0.51	元器件	上海	 2.74	11.70	15456	13249	  1.17	5	7	--  	       8909.57	
="002062"	宏润建设	-1.04	4.76	-0.05	4.76	4.77	42419	524	          0.00	          0.65	4.82	4.86	4.75	4.81	    19.85	20318272	  0.47	建筑施工	浙江	 2.29	4.79	28287	14132	  2.00	539	560	--  	      65617.60	
="600356"	恒丰纸业	-1.05	6.60	-0.07	6.61	6.62	25039	33	          0.15	          0.99	6.68	6.81	6.58	6.67	    31.90	16764038	  1.06	造纸	黑龙江	 3.45	6.69	14140	10899	  1.30	7	30	--  	      25233.03	
="002081"	金 螳 螂	-1.07	16.64	-0.18	16.63	16.64	84125	648	         -0.12	          0.51	16.83	16.94	16.43	16.82	    18.04	139687168	  0.59	装修装饰	江苏	 3.03	16.60	39834	44291	  0.90	579	42	--  	     165806.23	
="002141"	蓉胜超微	-1.12	10.58	-0.12	10.58	10.59	28932	229	          0.28	          1.59	10.43	10.66	10.33	10.70	  2883.39	30383118	  1.11	元器件	广东	 3.08	10.50	10698	18234	  0.59	464	120	--  	      18188.80	
="600267"	海正药业	-1.15	15.52	-0.18	15.50	15.51	73701	11	          0.19	          0.88	15.67	15.70	15.46	15.70	    38.42	114555496	  0.70	化学制药	浙江	 1.53	15.54	42251	31450	  1.34	619	9	--  	      83970.90	
="000972"	新中基	-1.15	4.28	-0.05	4.27	4.28	467261	2748	          0.23	          6.06	4.33	4.70	4.26	4.33	--  	207606304	  2.24	食品	新疆	10.16	4.44	240012	227249	  1.06	1799	2385	--  	      77128.35	
="600520"	中发科技	-1.16	11.96	-0.14	11.95	11.99	23654	100	         -0.33	          2.09	12.05	12.39	11.92	12.10	--  	28670698	  0.66	机械基件	安徽	 3.88	12.12	13655	9999	  1.37	104	86	--  	      11304.00	
="600503"	华丽家族	-1.17	5.08	-0.06	5.07	5.08	426772	161	         -0.19	          3.88	5.16	5.21	4.99	5.14	  3079.89	217523632	  0.68	区域地产	上海	 4.28	5.10	222530	204242	  1.09	23	129	--  	     109947.67	
="002441"	众业达	-1.17	16.88	-0.20	16.87	16.88	19412	116	          0.00	          1.34	17.06	17.17	16.73	17.08	    16.31	32750286	  0.87	批发业	广东	 2.58	16.87	10830	8582	  1.26	18	48	--  	      14464.12	
="002379"	鲁丰环保	-1.17	4.22	-0.05	4.22	4.23	1935561	11840	          0.47	         28.95	4.37	4.58	4.16	4.27	--  	853428288	  3.53	铝	山东	 9.84	4.41	828134	1107427	  0.75	4924	1608	--  	      66863.25	
="600898"	三联商社	-1.19	6.67	-0.08	6.67	6.68	26037	4	         -0.14	          1.03	6.72	6.78	6.64	6.75	    60.43	17443256	  0.54	电器连锁	山东	 2.07	6.70	13435	12602	  1.07	116	219	--  	      25252.38	
="600240"	华业地产	-1.19	5.80	-0.07	5.80	5.81	141376	30	          0.00	          0.99	5.88	5.92	5.70	5.87	    30.15	82123448	  0.40	全国地产	北京	 3.75	5.81	96159	45217	  2.13	622	712	--  	     142425.34	
="002044"	江苏三友	-1.21	7.33	-0.09	7.33	7.34	32501	22	          0.00	          1.45	7.40	7.49	7.30	7.42	   101.41	23976622	  0.85	服饰	江苏	 2.56	7.38	20576	11925	  1.73	245	155	--  	      22425.00	
="002348"	高乐股份	-1.25	8.70	-0.11	8.70	8.71	83748	314	         -0.22	          2.48	8.85	8.93	8.65	8.81	    57.81	73130480	  0.76	文教休闲	广东	 3.18	8.73	47410	36338	  1.30	40	878	--  	      33766.39	
="000561"	烽火电子	-1.28	7.72	-0.10	7.72	7.73	46059	150	          0.12	          0.78	7.82	7.90	7.70	7.82	   399.11	35847308	  0.60	通信设备	陕西	 2.56	7.78	27642	18417	  1.50	14	84	--  	      59398.66	
="002586"	围海股份	-1.32	12.68	-0.17	12.68	12.70	28032	318	          0.07	          1.00	12.92	12.92	12.59	12.85	    77.27	35707956	  0.44	建筑施工	浙江	 2.57	12.74	16064	11968	  1.34	212	30	--  	      28001.89	
="300340"	科恒股份	-1.33	17.75	-0.24	17.70	17.75	17323	275	          0.79	          2.39	17.98	17.98	17.51	17.99	   850.83	30709720	  0.57	元器件	广东	 2.61	17.73	9482	7841	  1.21	148	13	--  	       7254.27	
="300309"	吉艾科技	-1.34	22.06	-0.30	22.06	22.08	14484	83	         -0.76	          1.97	22.33	22.97	22.03	22.36	   116.40	32653864	  1.18	专用机械	北京	 4.20	22.54	7985	6499	  1.23	46	153	--  	       7364.22	
="300015"	爱尔眼科	-1.35	25.53	-0.35	25.53	25.54	27827	190	          0.07	          0.53	25.98	26.16	25.40	25.88	    57.89	71307408	  0.77	医疗保健	湖南	 2.94	25.62	17444	10383	  1.68	5	42	--  	      52327.30	
="600900"	长江电力	-1.38	7.17	-0.10	7.17	7.18	144338	91	         -0.69	          0.15	7.23	7.32	7.15	7.27	    46.49	104536400	  0.57	水力发电	北京	 2.34	7.24	96785	47553	  2.04	331	90	--  	     974594.13	
="002530"	丰东股份	-1.38	7.84	-0.11	7.83	7.84	34034	333	          0.38	          1.27	8.11	8.13	7.70	7.95	   111.45	26748580	  0.52	专用机械	江苏	 5.41	7.86	20444	13590	  1.50	195	574	--  	      26800.00	
="600831"	广电网络	-1.40	8.47	-0.12	8.46	8.47	125858	2	         -0.11	          2.23	8.54	8.69	8.46	8.59	    27.61	107839120	  0.46	影视音像	陕西	 2.68	8.57	66658	59200	  1.13	938	236	--  	      56343.85	
="600644"	乐山电力	-1.41	8.39	-0.12	8.38	8.39	32103	29	          0.00	          0.98	8.49	8.58	8.37	8.51	    48.04	27104928	  0.73	水力发电	四川	 2.47	8.44	20177	11926	  1.69	127	78	--  	      32648.00	
="600128"	弘业股份	-1.44	10.27	-0.15	10.26	10.27	63195	40	         -0.09	          2.56	10.42	10.66	10.23	10.42	   189.24	65878284	  0.72	商贸代理	江苏	 4.13	10.42	35127	28068	  1.25	75	80	--  	      24676.75	
="600078"	澄星股份	-1.45	6.11	-0.09	6.11	6.12	73968	81	         -0.32	          1.12	6.20	6.24	6.07	6.20	   106.56	45393552	  0.82	化工原料	江苏	 2.74	6.14	48342	25626	  1.89	159	146	--  	      66257.28	
="000955"	欣龙控股	-1.47	4.70	-0.07	4.70	4.73	47719	69	         -0.42	          0.96	4.77	4.78	4.70	4.77	--  	22571992	  0.76	纺织	海南	 1.68	4.73	29709	18010	  1.65	1553	60	--  	      49939.50	
="600530"	交大昂立	-1.47	8.72	-0.13	8.71	8.72	31940	16	          0.00	          1.02	8.85	8.87	8.65	8.85	    54.11	27989466	  0.47	生物制药	上海	 2.49	8.76	19123	12817	  1.49	118	131	--  	      31200.00	
="300125"	易世达	-1.48	19.92	-0.30	19.91	19.92	16460	259	         -0.15	          2.27	20.38	20.38	19.90	20.22	   110.04	33147920	  0.83	电气设备	辽宁	 2.37	20.14	11133	5327	  2.09	419	188	--  	       7266.24	
="600816"	安信信托	-1.49	17.89	-0.27	17.87	17.88	58088	129	         -0.05	          1.28	18.20	18.26	17.80	18.16	     7.41	104444680	  0.78	多元金融	上海	 2.53	17.98	31186	26902	  1.16	19	6	--  	      45384.98	
="002662"	京威股份	-1.50	10.50	-0.16	10.50	10.51	73964	769	          0.00	          4.93	10.62	10.63	10.15	10.66	    19.17	77079064	  0.81	汽车配件	北京	 4.50	10.42	45021	28943	  1.56	943	283	--  	      14998.71	
="000615"	湖北金环	-1.50	10.50	-0.16	10.49	10.50	58241	882	          0.19	          2.75	10.64	10.64	10.22	10.66	   460.02	60719584	  0.81	化纤	湖北	 3.94	10.43	32390	25851	  1.25	12	314	--  	      21167.25	
="002471"	中超电缆	-1.50	9.17	-0.14	9.16	9.17	67678	914	          0.10	          1.41	9.30	9.42	9.14	9.31	    39.09	62683332	  0.83	电气设备	江苏	 3.01	9.26	40153	27525	  1.46	40	161	--  	      48012.35	
="002670"	华声股份	-1.53	10.97	-0.17	10.97	10.98	19329	213	         -0.27	          2.35	11.10	11.19	10.95	11.14	    20.69	21342722	  0.68	电气设备	广东	 2.15	11.04	12494	6835	  1.83	336	38	--  	       8237.73	
="002492"	恒基达鑫	-1.55	10.83	-0.17	10.82	10.83	17957	264	          0.00	          0.76	11.03	11.03	10.70	11.00	    54.56	19456786	  0.55	仓储物流	广东	 3.00	10.83	10819	7138	  1.52	300	134	--  	      23550.00	
="002034"	美 欣 达	-1.56	17.68	-0.28	17.60	17.68	16620	128	          0.34	          2.76	17.97	18.00	17.28	17.96	   212.15	29259830	  0.67	纺织	浙江	 4.01	17.60	9104	7516	  1.21	44	86	--  	       6025.16	
="603766"	隆鑫通用	-1.56	13.23	-0.21	13.22	13.23	75541	41	         -0.07	          1.99	13.60	13.70	13.19	13.44	    16.61	101016528	  0.50	摩托车	重庆	 3.79	13.37	46573	28968	  1.61	14	25	--  	      37925.00	
="002696"	百洋股份	-1.58	11.19	-0.18	11.18	11.19	27815	351	          0.17	          3.48	11.37	11.37	11.10	11.37	    50.91	31262248	  0.79	渔业	广西	 2.37	11.24	15410	12405	  1.24	22	314	--  	       7990.91	
="600182"	S佳通	-1.58	18.02	-0.29	18.01	18.04	26714	60	          0.22	          1.57	18.18	18.30	17.92	18.31	    24.40	48248656	  0.60	汽车配件	黑龙江	 2.08	18.06	15784	10930	  1.44	68	45	--  	      17000.00	
="300072"	三聚环保	-1.60	22.69	-0.37	22.68	22.69	63815	338	          0.04	          1.39	23.10	23.20	22.25	23.06	    31.52	144774384	  0.79	化工原料	北京	 4.12	22.69	39842	23973	  1.66	163	264	--  	      45855.16	
="000591"	桐 君 阁	-1.61	10.97	-0.18	10.95	10.97	51461	538	          0.64	          1.87	11.08	11.22	10.90	11.15	    79.70	56856912	  0.43	医药连锁	重庆	 2.87	11.05	31451	20010	  1.57	1	261	--  	      27463.09	
="002513"	蓝丰生化	-1.61	10.36	-0.17	10.35	10.36	17458	576	         -0.38	          0.82	10.49	10.57	10.36	10.53	   431.69	18269168	  0.56	农药化肥	江苏	 1.99	10.46	9051	8407	  1.08	66	114	--  	      21312.00	
="300138"	晨光生物	-1.64	10.19	-0.17	10.19	10.20	25448	167	         -0.09	          1.99	10.31	10.48	10.12	10.36	   140.58	26200264	  0.67	食品	河北	 3.47	10.30	16771	8677	  1.93	1201	10	--  	      12796.33	
="002450"	康得新	-1.64	26.95	-0.45	26.92	26.95	65873	164	         -0.03	          0.70	27.38	27.40	26.62	27.40	    28.24	177347232	  0.70	化工原料	江苏	 2.85	26.92	35217	30656	  1.15	21	239	--  	      94531.45	
="600361"	华联综超	-1.65	4.76	-0.08	4.76	4.77	50700	10	         -0.41	          0.76	4.86	4.88	4.74	4.84	    14.07	24319258	  0.91	超市连锁	北京	 2.89	4.80	27956	22744	  1.23	575	437	--  	      66580.78	
="600539"	狮头股份	-1.67	7.08	-0.12	7.08	7.09	39058	10	          0.00	          2.43	7.22	7.26	7.03	7.20	--  	27848548	  0.49	水泥	山西	 3.19	7.13	24377	14681	  1.66	5	23	--  	      16043.58	
="000755"	*ST三维	-1.67	4.11	-0.07	4.10	4.11	50378	337	          0.00	          1.07	4.17	4.18	4.07	4.18	    46.31	20746380	  0.74	化工原料	山西	 2.63	4.12	34391	15987	  2.15	569	385	--  	      46924.89	
="002289"	宇顺电子	-1.72	19.97	-0.35	19.97	19.98	47720	554	          0.10	          4.98	20.24	20.68	19.92	20.32	    80.36	97108432	  0.67	元器件	深圳	 3.74	20.35	26679	21041	  1.27	217	68	--  	       9588.87	
="601177"	杭齿前进	-1.73	7.39	-0.13	7.37	7.38	21763	10	         -0.53	          0.54	7.57	7.59	7.38	7.52	    72.17	16276803	  0.59	机械基件	浙江	 2.79	7.48	13173	8590	  1.53	183	1	--  	      40006.00	
="300285"	国瓷材料	-1.74	33.91	-0.60	33.91	34.00	2686	5	          0.02	          0.83	34.60	34.78	33.90	34.51	    81.09	9186246	  0.39	化工原料	山东	 2.55	34.20	1122	1564	  0.72	40	20	--  	       3226.39	
="002223"	鱼跃医疗	-1.74	27.60	-0.49	27.60	27.61	23409	77	          0.00	          0.53	28.00	28.18	27.52	28.09	    38.18	65028828	  0.28	医疗保健	江苏	 2.35	27.78	15752	7657	  2.06	2238	70	--  	      44566.17	
="000850"	华茂股份	-1.78	4.96	-0.09	4.96	4.97	74870	720	         -0.20	          0.79	5.02	5.04	4.90	5.05	    86.65	37242484	  0.81	纺织	安徽	 2.77	4.97	46188	28682	  1.61	37	393	--  	      94316.21	
="000530"	大冷股份	-1.79	10.42	-0.19	10.41	10.42	47420	618	         -0.19	          2.20	10.64	10.64	10.40	10.61	    27.43	49762772	  0.46	机械基件	辽宁	 2.26	10.49	29807	17613	  1.69	430	396	--  	      21579.34	
="600798"	宁波海运	-1.81	3.80	-0.07	3.79	3.80	91738	20	         -0.26	          1.05	3.86	3.87	3.79	3.87	--  	35115736	  0.40	水运	浙江	 2.07	3.83	56005	35733	  1.57	656	201	--  	      87117.45	
="002201"	九鼎新材	-1.81	10.31	-0.19	10.30	10.31	16016	73	          0.00	          0.96	10.50	10.59	10.27	10.50	   388.69	16590480	  0.53	玻璃	江苏	 3.05	10.36	11550	4466	  2.59	640	15	--  	      16743.57	
="002592"	八菱科技	-1.84	13.88	-0.26	13.88	13.91	10373	128	         -0.43	          1.73	14.00	14.25	13.85	14.14	    23.99	14573461	  0.61	运输设备	广西	 2.83	14.05	6647	3726	  1.78	82	13	--  	       6002.87	
="002615"	哈尔斯	-1.85	23.36	-0.44	23.35	23.36	7495	79	         -0.08	          2.26	23.80	23.81	23.32	23.80	    25.96	17594694	  0.29	家居用品	浙江	 2.06	23.47	4842	2653	  1.83	156	59	--  	       3323.58	
="002059"	云南旅游	-1.86	9.52	-0.18	9.51	9.52	21988	282	          0.31	          1.02	9.68	9.72	9.41	9.70	   462.22	21059532	  0.50	旅游景点	云南	 3.20	9.58	13486	8502	  1.59	88	39	--  	      21500.00	
="002693"	双成药业	-1.88	13.02	-0.25	13.01	13.02	25244	357	         -0.61	          1.89	13.25	13.27	12.91	13.27	    65.60	32988776	  0.67	化学制药	海南	 2.71	13.07	15698	9546	  1.64	198	42	--  	      13371.20	
="002273"	水晶光电	-1.89	21.24	-0.41	21.22	21.24	146856	1104	          0.14	          4.31	21.56	21.84	21.10	21.65	    49.91	313901536	  0.61	元器件	浙江	 3.42	21.37	85347	61509	  1.39	705	106	--  	      34044.39	
="000430"	张家界	-1.91	7.69	-0.15	7.69	7.70	61033	367	         -0.12	          3.03	7.82	7.84	7.64	7.84	    62.13	47181572	  0.58	旅游景点	湖南	 2.55	7.73	39769	21264	  1.87	867	198	--  	      20125.72	
="600854"	春兰股份	-1.92	5.61	-0.11	5.61	5.62	63958	63	          0.17	          1.23	5.69	5.69	5.54	5.72	    41.86	35845000	  0.41	家用电器	江苏	 2.62	5.60	42008	21950	  1.91	304	717	--  	      51945.85	
="600836"	界龙实业	-1.92	10.19	-0.20	10.19	10.20	99184	29	         -0.19	          3.16	10.36	10.51	10.17	10.39	   390.58	102304552	  0.96	广告包装	上海	 3.27	10.31	55130	44054	  1.25	2	193	--  	      31356.33	
="600308"	华泰股份	-1.94	3.04	-0.06	3.03	3.04	106537	11	          0.00	          0.91	3.10	3.12	3.03	3.10	    31.37	32732316	  0.78	造纸	山东	 2.90	3.07	64884	41653	  1.56	3273	1646	--  	     116756.14	
="600636"	三爱富	-1.94	15.19	-0.30	15.18	15.19	188535	104	          0.06	          4.94	15.42	15.48	15.00	15.49	   130.33	286741504	  0.81	化工原料	上海	 3.10	15.21	108668	79867	  1.36	650	183	--  	      38195.05	
="002558"	世纪游轮	-1.94	25.25	-0.50	25.21	25.25	4195	20	         -0.19	          1.29	25.78	25.80	25.20	25.75	   635.08	10674530	  0.70	旅游服务	重庆	 2.33	25.44	2357	1838	  1.28	5	53	--  	       3244.39	
="300103"	达刚路机	-1.96	13.48	-0.27	13.48	13.49	23124	417	         -0.51	          1.49	13.60	13.84	13.48	13.75	    46.09	31567774	  0.63	工程机械	陕西	 2.62	13.65	14415	8709	  1.66	117	4	--  	      15510.50	
="000613"	大东海A	-1.98	6.45	-0.13	6.43	6.45	55741	1420	          0.78	          2.14	6.58	6.61	6.40	6.58	  1160.99	35980136	  0.33	旅游服务	海南	 3.19	6.45	36354	19387	  1.88	70	62	--  	      26056.48	
="600091"	ST明科	-1.98	5.95	-0.12	5.95	5.96	21361	10	          0.00	          0.63	6.08	6.12	5.94	6.07	--  	12837550	  0.72	化工原料	内蒙	 2.97	6.01	14279	7082	  2.02	469	819	--  	      33652.60	
="600004"	白云机场	-1.99	7.39	-0.15	7.38	7.39	52089	104	          0.00	          0.45	7.53	7.53	7.37	7.54	     8.53	38684360	  0.57	机场	广东	 2.12	7.43	33021	19068	  1.73	507	22	--  	     115000.00	
="600017"	日照港	-2.01	2.93	-0.06	2.93	2.94	192438	302	         -0.34	          0.73	2.98	3.00	2.92	2.99	    11.22	56678192	  0.40	港口	山东	 2.68	2.95	114145	78293	  1.46	330	3759	--  	     263063.16	
="002645"	华宏科技	-2.02	14.58	-0.30	14.58	14.62	19235	347	         -0.47	          4.49	15.05	15.05	14.57	14.88	   123.44	28540204	  0.79	专用机械	江苏	 3.23	14.84	10758	8477	  1.27	77	15	--  	       4286.87	
="601169"	北京银行	-2.05	7.18	-0.15	7.19	7.20	483142	14	         -0.27	          0.54	7.28	7.30	7.17	7.33	     4.19	350191008	  1.06	银行	北京	 1.77	7.25	272146	210996	  1.29	6	87	--  	     896768.94	
="002448"	中原内配	-2.05	13.40	-0.28	13.40	13.41	42395	632	         -0.07	          2.36	13.63	13.85	13.39	13.68	    16.75	57542892	  0.53	运输设备	河南	 3.36	13.57	25555	16840	  1.52	149	1	--  	      17946.90	
="300035"	中科电气	-2.08	8.96	-0.19	8.95	8.96	67960	372	         -0.22	          4.38	9.15	9.21	8.88	9.15	    67.57	61222540	  0.71	工程机械	湖南	 3.61	9.01	39147	28813	  1.36	312	833	--  	      15515.95	
="002468"	艾迪西	-2.09	8.91	-0.19	8.90	8.91	39805	434	         -0.22	          1.20	9.09	9.16	8.89	9.10	   162.09	35753760	  0.56	其他建材	浙江	 2.97	8.98	26679	13126	  2.03	560	192	--  	      33177.60	
="300185"	通裕重工	-2.12	5.09	-0.11	5.09	5.10	172188	1223	         -0.19	          2.45	5.21	5.22	5.07	5.20	    42.91	88460368	  0.83	工程机械	山东	 2.88	5.14	98066	74122	  1.32	1234	149	--  	      70145.13	
="601010"	文峰股份	-2.15	7.29	-0.16	7.29	7.30	82556	72	          0.00	          1.12	7.41	7.46	7.26	7.45	     9.86	60810208	  1.56	超市连锁	江苏	 2.68	7.37	42222	40334	  1.05	447	145	--  	      73920.00	
="000519"	江南红箭	-2.15	14.58	-0.32	14.58	14.59	68771	524	         -0.13	          3.61	14.93	14.98	14.50	14.90	    28.04	101024656	  0.74	机械基件	湖南	 3.22	14.69	45760	23011	  1.99	225	32	--  	      19039.75	
="600814"	杭州解百	-2.16	7.26	-0.16	7.25	7.26	37309	9	         -0.13	          1.20	7.44	7.45	7.23	7.42	    42.50	27294476	  0.97	百货	浙江	 2.96	7.32	23562	13747	  1.71	638	201	--  	      31038.30	
="600511"	国药股份	-2.20	24.89	-0.56	24.82	24.85	17620	10	         -0.08	          0.63	25.45	25.71	24.71	25.45	    24.42	44051680	  0.76	医药连锁	北京	 3.93	25.00	9849	7771	  1.27	5	19	--  	      27764.33	
="002327"	富安娜	-2.22	12.36	-0.28	12.36	12.37	35499	1344	         -0.40	          1.61	12.69	12.79	12.36	12.64	    16.74	44374760	  0.40	服饰	深圳	 3.40	12.50	24011	11488	  2.09	447	3	--  	      22056.60	
="600710"	常林股份	-2.25	3.47	-0.08	3.46	3.47	74206	60	          0.28	          1.16	3.56	3.56	3.46	3.55	--  	25972436	  0.78	工程机械	江苏	 2.82	3.50	49179	25027	  1.97	1522	2	--  	      64028.39	
="000676"	思达高科	-2.27	5.60	-0.13	5.60	5.61	31703	126	          0.00	          1.01	5.76	5.76	5.58	5.73	--  	17888642	  0.79	电器仪表	河南	 3.14	5.64	19836	11867	  1.67	52	203	--  	      31400.86	
="002477"	雏鹰农牧	-2.28	11.15	-0.26	11.15	11.16	63528	825	          0.08	          1.33	11.41	11.45	10.92	11.41	--  	70679816	  0.66	农业综合	河南	 4.65	11.13	39303	24225	  1.62	273	468	--  	      47586.83	
="002426"	胜利精密	-2.28	9.84	-0.23	9.84	9.85	74186	1476	         -0.10	          2.10	10.07	10.15	9.82	10.07	    60.24	73754984	  0.69	元器件	江苏	 3.28	9.94	49812	24374	  2.04	45	436	--  	      35306.58	
="601188"	龙江交通	-2.29	2.99	-0.07	2.98	2.99	123555	5	          0.33	          1.02	3.05	3.05	2.98	3.06	     9.14	37181344	  0.30	路桥	黑龙江	 2.29	3.01	80232	43323	  1.85	702	111	--  	     121320.00	
="601999"	出版传媒	-2.32	9.69	-0.23	9.67	9.68	246641	20	         -0.10	          4.48	9.85	10.29	9.65	9.92	  1076.28	245844512	  0.62	出版业	辽宁	 6.45	9.97	127001	119640	  1.06	10	103	--  	      55091.46	
="600979"	广安爱众	-2.32	5.89	-0.14	5.91	5.92	49621	17	          0.00	          0.69	6.00	6.11	5.85	6.03	    38.73	29525944	  0.32	水力发电	四川	 4.31	5.95	32938	16683	  1.97	5	92	--  	      71789.21	
="600035"	楚天高速	-2.33	2.52	-0.06	2.51	2.52	60570	9	          0.00	          0.50	2.57	2.58	2.51	2.58	    11.79	15409615	  0.74	路桥	湖北	 2.71	2.54	39344	21226	  1.85	2092	708	--  	     121114.82	
="600623"	双钱股份	-2.34	12.93	-0.31	12.92	12.93	16769	11	         -0.38	          0.26	13.23	13.23	12.83	13.24	    38.25	21789340	  0.46	汽车配件	上海	 3.02	12.99	11409	5360	  2.13	19	20	--  	      64636.76	
="300155"	安居宝	-2.36	13.23	-0.32	13.22	13.23	29406	112	          0.15	          1.65	13.55	13.62	13.15	13.55	    74.75	39165732	  0.76	元器件	广东	 3.47	13.32	18978	10428	  1.82	20	155	--  	      17771.72	
="002487"	大金重工	-2.38	7.79	-0.19	7.79	7.80	61755	604	         -0.63	          1.72	7.91	8.07	7.73	7.98	    59.67	48592516	  0.74	钢加工	辽宁	 4.26	7.87	35748	26007	  1.37	731	20	--  	      36000.00	
="600609"	金杯汽车	-2.39	3.27	-0.08	3.27	3.28	100159	18	         -0.30	          0.92	3.35	3.35	3.25	3.35	   254.82	32957988	  0.61	汽车整车	辽宁	 2.99	3.29	63344	36815	  1.72	1445	518	--  	     109266.71	
="000988"	华工科技	-2.41	9.70	-0.24	9.70	9.71	176930	1025	         -0.20	          1.99	9.94	9.98	9.68	9.94	    78.84	173122288	  0.61	电器仪表	湖北	 3.02	9.78	117745	59185	  1.99	190	653	--  	      89111.65	
="000418"	小天鹅Ａ	-2.43	11.23	-0.28	11.23	11.24	32698	347	         -0.35	          0.75	11.47	11.50	11.21	11.51	    11.23	37041096	  0.75	家用电器	江苏	 2.52	11.33	18751	13947	  1.34	443	83	--  	      43776.10	
="002263"	大 东 南	-2.47	5.93	-0.15	5.92	5.93	134573	1117	          0.33	          1.80	6.08	6.11	5.91	6.08	--  	80712816	  0.66	塑料	浙江	 3.29	6.00	77835	56738	  1.37	573	753	--  	      74898.68	
="000657"	中钨高新	-2.47	13.81	-0.35	13.81	13.82	42965	132	          0.00	          2.98	14.08	14.25	13.60	14.16	--  	59368844	  0.89	小金属	海南	 4.59	13.82	31531	11434	  2.76	108	204	--  	      14405.07	
="000038"	深大通	-2.47	16.56	-0.42	16.55	16.56	11280	23	         -0.24	          4.02	16.80	17.08	16.53	16.98	--  	18882014	  0.94	区域地产	深圳	 3.24	16.74	6498	4782	  1.36	36	27	--  	       2803.19	
="600222"	太龙药业	-2.53	7.31	-0.19	7.32	7.33	51541	1	         -0.54	          1.04	7.50	7.52	7.31	7.50	   133.67	38138460	  0.52	中成药	河南	 2.80	7.40	32458	19083	  1.70	1	105	--  	      49660.89	
="002051"	中工国际	-2.59	17.70	-0.47	17.70	17.71	31364	529	         -0.33	          0.41	18.23	18.38	17.61	18.17	    16.16	56167668	  0.81	建筑施工	北京	 4.24	17.91	22654	8710	  2.60	504	7	--  	      76414.59	
="600129"	太极集团	-2.59	11.28	-0.30	11.27	11.28	67554	10	         -0.26	          1.58	11.58	11.75	11.27	11.58	   101.92	77674712	  0.55	中成药	重庆	 4.15	11.50	35757	31797	  1.12	46	5	--  	      42689.39	
="600190"	锦州港	-2.59	4.51	-0.12	4.50	4.51	118178	171	         -0.22	          0.88	4.64	4.71	4.50	4.63	    34.44	54320320	  0.37	港口	辽宁	 4.54	4.60	71524	46654	  1.53	752	509	--  	     133898.05	
="300087"	荃银高科	-2.62	10.04	-0.27	10.04	10.05	19581	154	         -0.09	          1.83	10.22	10.25	10.04	10.31	--  	19816530	  0.55	种植业	安徽	 2.04	10.12	11890	7691	  1.55	5275	249	--  	      10679.45	
="002282"	博深工具	-2.62	10.04	-0.27	10.03	10.04	45532	220	          0.00	          3.80	10.30	10.48	9.85	10.31	    60.37	46297344	  0.77	轻工机械	河北	 6.11	10.17	27624	17908	  1.54	122	35	--  	      11982.66	
="600316"	洪都航空	-2.65	18.01	-0.49	18.01	18.02	160155	35	          0.05	          2.23	18.57	18.60	17.93	18.50	   457.26	291193824	  1.02	航空航天	江西	 3.62	18.18	91291	68864	  1.33	4	96	--  	      71711.45	
="002537"	海立美达	-2.70	16.20	-0.45	16.20	16.21	18172	175	          0.06	          1.21	16.32	16.52	16.01	16.65	    45.57	29380940	  0.83	机械基件	山东	 3.06	16.17	11902	6270	  1.90	1134	8	--  	      15000.00	
="600573"	惠泉啤酒	-2.74	7.45	-0.21	7.45	7.46	46113	28	          0.00	          1.84	7.62	7.76	7.43	7.66	   134.27	34909844	  0.56	啤酒	福建	 4.31	7.57	26874	19239	  1.40	2	258	--  	      25000.00	
="002553"	南方轴承	-2.76	12.67	-0.36	12.67	12.68	27399	311	          0.00	          2.52	13.06	13.06	12.61	13.03	    31.98	35102176	  0.45	机械基件	江苏	 3.45	12.81	18393	9006	  2.04	269	15	--  	      10887.00	
="600293"	三峡新材	-2.81	5.87	-0.17	5.87	5.88	84841	5	         -0.17	          2.46	5.98	6.05	5.87	6.04	   467.24	50385880	  0.97	玻璃	湖北	 2.98	5.94	56139	28702	  1.96	330	367	--  	      34450.26	
="002225"	濮耐股份	-2.82	7.24	-0.21	7.23	7.24	107396	1268	          0.00	          2.58	7.41	7.45	7.21	7.45	    32.68	78547448	  0.43	其他建材	河南	 3.22	7.31	65502	41894	  1.56	485	594	--  	      41690.42	
="600189"	吉林森工	-2.83	7.90	-0.23	7.91	7.92	83997	17	         -0.25	          2.71	8.12	8.15	7.88	8.13	   506.33	67178960	  0.57	林业	吉林	 3.32	8.00	55102	28895	  1.91	181	24	--  	      31050.00	
="002173"	千足珍珠	-2.88	12.14	-0.36	12.14	12.15	26396	39	         -0.08	          2.44	12.35	12.38	12.02	12.50	   158.38	32156236	  0.81	农业综合	浙江	 2.88	12.18	15272	11124	  1.37	275	79	--  	      10804.87	
="600696"	多伦股份	-2.90	8.72	-0.26	8.66	8.67	91030	108	          0.69	          2.67	9.01	9.04	8.62	8.98	--  	80254928	  0.62	区域地产	上海	 4.68	8.82	62515	28515	  2.19	63	5	--  	      34056.55	
="000837"	秦川发展	-2.91	8.35	-0.25	8.34	8.35	86592	358	          0.24	          2.48	8.50	8.64	8.30	8.60	--  	72962576	  1.03	机床制造	陕西	 3.95	8.43	59437	27155	  2.19	9	278	--  	      34853.25	
="300178"	腾邦国际	-2.96	19.70	-0.60	19.70	19.71	65967	538	         -0.15	          4.29	20.20	20.33	19.58	20.30	    41.25	130773272	  0.82	旅游服务	深圳	 3.69	19.82	39830	26137	  1.52	430	79	--  	      15392.00	
="600624"	复旦复华	-3.01	12.91	-0.40	12.91	12.92	112857	22	         -0.07	          3.27	13.30	13.37	12.75	13.31	   157.14	146840336	  0.50	综合类	上海	 4.66	13.01	67509	45348	  1.49	238	165	--  	      34515.50	
="300080"	新大新材	-3.10	9.39	-0.30	9.38	9.39	88956	502	         -0.31	          2.80	9.61	9.73	9.29	9.69	    50.39	84521864	  0.48	其他建材	河南	 4.54	9.50	54263	34693	  1.56	447	430	--  	      31731.83	
="600038"	哈飞股份	-3.12	29.51	-0.95	29.47	29.50	51253	350	          0.54	          1.52	30.40	30.48	29.28	30.46	    56.99	153039648	  1.11	航空航天	黑龙江	 3.94	29.86	33077	18176	  1.82	3	230	--  	      33735.00	
="000622"	恒立实业	-3.15	4.92	-0.16	4.92	4.93	88246	1222	         -0.20	          3.23	5.00	5.13	4.91	5.08	--  	43855356	  0.46	汽车配件	湖南	 4.33	4.97	58360	29886	  1.95	440	345	--  	      27320.35	
="600178"	*ST东安	-3.22	5.11	-0.17	5.11	5.12	29732	7	          0.00	          0.64	5.27	5.34	5.08	5.28	--  	15443403	  0.85	汽车整车	黑龙江	 4.92	5.19	21378	8354	  2.56	3	129	--  	      46208.00	
="600701"	工大高新	-3.26	5.04	-0.17	5.04	5.05	166435	172	          0.00	          3.34	5.21	5.22	4.99	5.21	--  	84726008	  0.51	综合类	黑龙江	 4.41	5.09	102296	64139	  1.59	328	31	--  	      49878.19	
="601880"	大连港	-3.31	2.92	-0.10	2.92	2.93	364011	15	          0.00	          1.08	3.00	3.01	2.91	3.02	    26.96	107422784	  0.43	港口	辽宁	 3.31	2.95	225577	138434	  1.63	581	4438	--  	     336340.00	
="002013"	中航机电	-3.35	17.33	-0.60	17.32	17.33	97745	494	          0.11	          3.34	17.88	17.88	17.11	17.93	    34.05	171021696	  0.83	汽车配件	湖北	 4.29	17.50	60331	37414	  1.61	10	56	--  	      29285.81	
="000910"	大亚科技	-3.35	6.35	-0.22	6.35	6.36	64035	923	          0.15	          1.21	6.64	6.64	6.32	6.57	    34.71	41175992	  0.70	家居用品	江苏	 4.87	6.43	37613	26422	  1.42	16	38	--  	      52750.00	
="000990"	诚志股份	-3.42	14.11	-0.50	14.11	14.12	16730	133	         -0.28	          0.56	14.54	14.73	14.00	14.61	   189.28	24115338	  0.77	化工原料	江西	 5.00	14.41	9527	7203	  1.32	186	21	--  	      29702.83	
="002689"	博林特	-3.43	7.33	-0.26	7.33	7.34	56379	210	          0.27	          3.30	7.55	7.55	7.23	7.59	    33.16	41580276	  0.78	运输设备	辽宁	 4.22	7.38	36773	19606	  1.88	226	982	--  	      17068.40	
="000678"	襄阳轴承	-3.48	5.55	-0.20	5.55	5.56	110096	462	         -0.35	          3.66	5.80	5.80	5.45	5.75	    73.88	61425520	  1.05	机械基件	湖北	 6.09	5.58	68175	41921	  1.63	935	388	--  	      30107.63	
="601890"	亚星锚链	-3.48	9.15	-0.33	9.14	9.15	58024	91	         -0.43	          1.24	9.53	9.55	9.14	9.48	    37.21	53810008	  0.70	船舶	江苏	 4.32	9.27	37355	20669	  1.81	56	321	--  	      46800.00	
="600493"	凤竹纺织	-3.49	7.19	-0.26	7.17	7.18	77029	300	          0.70	          2.83	7.36	7.43	7.10	7.45	--  	55826984	  0.95	纺织	福建	 4.43	7.25	51768	25261	  2.05	3	73	--  	      27200.00	
="000768"	中航飞机	-3.53	12.04	-0.44	12.03	12.04	257372	3089	         -0.33	          1.10	12.46	12.50	12.01	12.48	--  	313961120	  0.92	航空航天	陕西	 3.93	12.20	157787	99585	  1.58	766	386	--  	     233980.20	
="000540"	中天城投	-3.62	6.92	-0.26	6.91	6.92	265890	4706	          0.28	          2.08	7.22	7.22	6.90	7.18	     4.62	187276336	  1.01	区域地产	贵州	 4.46	7.04	165519	100371	  1.65	2152	3345	--  	     127855.75	
="000880"	潍柴重机	-3.63	10.90	-0.41	10.89	10.90	27541	128	          0.00	          2.04	11.15	11.26	10.80	11.31	    42.70	30336230	  1.29	机械基件	山东	 4.07	11.01	11398	16143	  0.71	89	370	--  	      13513.50	
="600391"	成发科技	-3.70	16.67	-0.64	16.66	16.68	383902	66	          0.42	         11.63	18.20	18.20	16.57	17.31	 42073.83	668264512	  3.08	航空航天	四川	 9.42	17.41	191617	192285	  1.00	284	227	--  	      33012.94	
="600969"	郴电国际	-3.73	13.92	-0.54	13.91	13.97	24211	710	         -0.42	          1.15	14.36	14.60	13.65	14.46	    43.17	34009468	  1.36	水力发电	湖南	 6.57	14.05	15080	9131	  1.65	1479	328	--  	      21026.76	
="600726"	华电能源	-3.89	3.71	-0.15	3.70	3.72	190825	15	          0.00	          2.65	3.82	3.85	3.67	3.86	     6.18	71254640	  0.49	火力发电	黑龙江	 4.66	3.73	115912	74913	  1.55	2920	3320	--  	      72058.04	
="600103"	青山纸业	-3.89	2.72	-0.11	2.72	2.73	182773	25	          0.00	          1.72	2.80	2.80	2.71	2.83	    79.34	50368972	  0.76	造纸	福建	 3.18	2.76	122250	60523	  2.02	101	1018	--  	     106184.15	
="600426"	华鲁恒升	-4.06	8.28	-0.35	8.28	8.29	214428	46	         -0.36	          2.25	8.59	8.64	8.27	8.63	     9.59	180636880	  1.00	农药化肥	山东	 4.29	8.42	130306	84122	  1.55	197	3087	--  	      95362.50	
="002046"	轴研科技	-4.11	8.40	-0.36	8.40	8.41	86971	1000	         -0.11	          3.12	8.70	8.73	8.39	8.76	    81.61	74023600	  0.50	机械基件	河南	 3.88	8.51	53545	33426	  1.60	756	133	--  	      27860.43	
="000953"	河池化工	-4.15	6.00	-0.26	6.00	6.01	59385	694	          0.00	          2.02	6.27	6.30	5.95	6.26	--  	36124244	  2.03	农药化肥	广西	 5.59	6.08	33640	25745	  1.31	96	326	--  	      29404.15	
="600462"	石岘纸业	-4.19	6.63	-0.29	6.63	6.64	52780	3	         -0.74	          0.99	6.81	6.92	6.62	6.92	   874.03	35745272	  1.03	造纸	吉林	 4.34	6.77	34658	18122	  1.91	514	2	--  	      53378.00	
="002540"	亚太科技	-4.20	13.22	-0.58	13.21	13.22	101068	705	          0.07	          4.02	13.40	13.79	13.09	13.80	    29.28	136013520	  0.85	铝	江苏	 5.07	13.46	58651	42417	  1.38	58	657	--  	      25167.34	
="002222"	福晶科技	-4.27	10.10	-0.45	10.10	10.11	131763	2024	         -0.29	          4.77	10.50	10.57	10.08	10.55	    51.43	135420112	  0.44	元器件	福建	 4.64	10.28	74809	56954	  1.31	911	7	--  	      27611.57	
="002097"	山河智能	-4.32	9.08	-0.41	9.08	9.09	243381	4439	         -0.54	          7.43	9.27	9.36	9.08	9.49	    84.36	223800112	  1.24	工程机械	湖南	 2.95	9.20	146340	97041	  1.51	690	304	--  	      32744.74	
="600560"	金自天正	-4.74	11.06	-0.55	11.02	11.03	136531	748	         -0.09	          6.10	11.63	11.66	11.00	11.61	    64.84	153367984	  0.90	电气设备	北京	 5.68	11.23	76977	59554	  1.29	10	1294	--  	      22364.55	
="600039"	四川路桥	-4.98	6.49	-0.34	6.49	6.50	228402	320	         -0.30	          4.17	6.78	6.85	6.45	6.83	    33.44	150528672	  1.54	建筑施工	四川	 5.86	6.59	144786	83616	  1.73	682	340	--  	      54720.00	
="600719"	大连热电	-5.05	7.52	-0.40	7.51	7.52	64921	30	          0.26	          3.21	7.91	7.91	7.46	7.92	    40.04	49655040	  1.39	供气供热	辽宁	 5.68	7.65	38897	26024	  1.49	8	11	--  	      20229.98	
="002283"	天润曲轴	-5.29	7.52	-0.42	7.51	7.52	123030	2717	         -0.26	          2.20	7.95	7.96	7.52	7.94	    28.00	94951312	  1.17	汽车配件	山东	 5.54	7.72	78092	44938	  1.74	694	683	--  	      55941.17	
="000803"	金宇车城	-5.40	11.92	-0.68	11.92	12.00	22331	215	         -1.07	          2.47	12.50	12.55	11.92	12.60	   501.86	27330888	  1.39	纺织	四川	 5.00	12.24	15587	6744	  2.31	10	8	--  	       9026.92	
="600297"	美罗药业	-5.66	8.83	-0.53	8.80	8.81	99024	58	         -1.11	          2.83	9.25	9.34	8.81	9.36	    97.88	89345248	  0.72	化学制药	辽宁	 5.66	9.02	60473	38551	  1.57	297	213	--  	      35000.00	
="000796"	易食股份	-7.19	7.10	-0.55	7.08	7.10	187150	639	          0.70	          7.59	7.67	7.68	6.89	7.65	    89.45	134284208	  2.83	食品	陕西	10.33	7.18	103959	83191	  1.25	10	969	--  	      24652.30	
="002145"	中核钛白	-7.44	9.71	-0.78	9.71	9.72	200683	1761	         -0.10	         10.77	10.16	10.23	9.70	10.49	--  	200625184	  1.57	化工原料	甘肃	 5.05	10.00	108388	92295	  1.17	1852	277	--  	      18630.73	
="000883"	湖北能源	-8.40	6.43	-0.59	6.43	6.44	475185	11324	         -0.15	          1.78	6.76	6.98	6.40	7.02	    86.55	316084544	  1.25	火力发电	湖北	 8.26	6.65	242387	232798	  1.04	1039	4544	--  	     267317.44	
="000692"	惠天热电	-9.98	4.69	-0.52	4.69	4.70	672195	7226	         -0.21	         12.62	5.14	5.14	4.69	5.21	    24.44	327147104	  1.23	供气供热	辽宁	 8.64	4.87	365692	306503	  1.19	12500	1561	--  	      53278.89	
数据来源:通达信
