代码	名称	涨幅%%	现价	涨跌	买价	卖价	总量	现量	涨速%%	换手%%	今开	最高	最低	昨收	市盈(动)	总金额	量比	细分行业	地区	振幅%%	
="002172"	澳洋科技	10.10	5.67	0.52	5.67	--  	287472	1191	          0.00	          5.37	5.15	5.67	5.13	5.15	   153.41	156737376	  1.70	化纤	江苏	10.49	
="002180"	万 力 达	10.02	13.62	1.24	13.62	--  	2951	28	          0.00	          0.34	13.62	13.62	13.62	12.38	   439.62	4019548	  0.40	电气设备	广东	 0.00	
="000856"	冀东装备	10.00	7.81	0.71	7.81	--  	445925	78	          0.00	         33.76	7.00	7.81	6.88	7.10	--  	340605792	  1.55	机械基件	河北	13.10	
="300127"	银河磁体	6.95	24.48	1.59	24.45	24.48	34618	1010	          0.32	          3.12	22.91	25.18	22.90	22.89	    71.56	83745752	  2.29	元器件	四川	 9.96	
="002547"	春兴精工	6.68	13.25	0.83	13.24	13.25	86618	822	          0.22	          4.96	12.42	13.30	12.42	12.42	   119.62	111880712	  1.71	通信设备	江苏	 7.09	
="600192"	长城电工	6.11	8.69	0.50	8.68	8.69	180839	1	          0.11	          5.29	8.50	8.99	8.44	8.19	    45.92	157139392	  2.38	电气设备	甘肃	 6.72	
="002189"	利达光电	6.02	9.34	0.53	9.34	9.35	157265	2256	         -0.10	          7.89	8.81	9.69	8.74	8.81	   956.73	147152000	  3.02	元器件	河南	10.78	
="002201"	九鼎新材	4.48	8.62	0.37	8.61	8.62	50951	911	         -0.23	          3.05	8.23	8.75	8.19	8.25	   175.27	43568088	  2.10	玻璃	江苏	 6.79	
="600715"	松辽汽车	4.20	6.95	0.28	6.94	6.95	27834	10	         -0.14	          1.24	6.62	6.97	6.62	6.67	--  	19065180	  1.73	汽车配件	辽宁	 5.25	
="002082"	栋梁新材	3.95	8.43	0.32	8.42	8.43	52056	2282	          0.47	          2.92	8.10	8.43	8.07	8.11	    20.58	43243008	  1.95	铝	浙江	 4.44	
="002533"	金杯电工	3.62	7.73	0.27	7.72	7.73	153646	1821	          0.00	          5.01	7.79	7.90	7.58	7.46	    25.46	118460176	  2.74	电气设备	湖南	 4.29	
="000801"	四川九洲	3.62	15.18	0.53	15.18	15.19	29576	565	         -0.06	          0.64	14.57	15.28	14.57	14.65	   105.25	44590688	  0.58	通信设备	四川	 4.85	
="002636"	金安国纪	3.15	9.50	0.29	9.50	9.51	74649	2001	          0.52	          8.38	9.21	9.51	9.16	9.21	    72.55	69776176	  1.77	元器件	上海	 3.80	
="300354"	东华测试	3.14	21.00	0.64	21.00	21.05	15756	441	          0.33	          7.32	20.38	21.10	20.38	20.36	    82.68	32735656	  0.57	电器仪表	江苏	 3.54	
="002287"	奇正藏药	2.90	23.10	0.65	23.09	23.10	7111	397	          0.26	          0.18	22.50	23.10	22.49	22.45	    46.19	16282055	  0.93	中成药	西藏	 2.72	
="002468"	艾迪西	2.79	10.30	0.28	10.29	10.30	138085	3594	          0.58	          4.99	9.93	10.45	9.76	10.02	   423.64	140492800	  0.83	其他建材	浙江	 6.89	
="002084"	海鸥卫浴	2.74	5.63	0.15	5.63	5.64	80301	1686	          0.17	          1.98	5.48	5.63	5.39	5.48	    68.22	44625340	  1.34	家居用品	广东	 4.38	
="600746"	江苏索普	2.73	7.14	0.19	7.13	7.14	116974	156	         -0.41	          3.84	7.05	7.38	7.05	6.95	    97.34	84390432	  1.13	化工原料	江苏	 4.75	
="600328"	兰太实业	2.72	8.31	0.22	8.32	8.33	97955	34	          0.00	          2.73	8.08	8.33	8.03	8.09	    56.14	80779424	  0.73	化工原料	内蒙	 3.71	
="000759"	中百集团	2.62	7.83	0.20	7.82	7.83	34755	313	          0.12	          0.51	7.63	7.85	7.63	7.63	    46.05	26944488	  1.09	超市连锁	湖北	 2.88	
="000727"	华东科技	2.46	5.42	0.13	5.41	5.42	73016	760	          0.18	          2.04	5.30	5.46	5.28	5.29	--  	39401012	  1.07	元器件	江苏	 3.40	
="300170"	汉得信息	2.42	22.46	0.53	22.46	22.47	62578	511	         -0.08	          2.58	21.85	23.02	21.75	21.93	    42.92	140965008	  1.05	软件服务	上海	 5.79	
="300062"	中能电气	2.15	10.47	0.22	10.43	10.47	19495	122	         -0.09	          2.51	10.27	10.64	10.16	10.25	    40.50	20499906	  1.18	电气设备	福建	 4.68	
="002593"	日上集团	2.05	9.46	0.19	9.46	9.47	37815	902	          0.21	          4.99	9.28	9.66	9.27	9.27	    54.14	35674848	  1.54	汽车配件	福建	 4.21	
="000561"	烽火电子	2.00	6.64	0.13	6.64	6.65	134361	763	         -0.15	          2.26	6.53	6.82	6.40	6.51	--  	89216392	  2.58	通信设备	陕西	 6.45	
="600603"	大洲兴业	1.85	7.15	0.13	7.14	7.15	120450	68	          0.00	          6.19	6.96	7.18	6.88	7.02	    11.30	84605472	  0.55	综合类	福建	 4.27	
="603077"	和邦股份	1.60	14.58	0.23	14.58	14.59	19556	6	         -0.13	          1.30	14.36	14.68	14.27	14.35	   117.05	28264656	  0.57	化工原料	四川	 2.86	
="600405"	动力源	1.52	12.69	0.19	12.68	12.69	210699	100	          0.39	          8.29	12.40	12.87	12.30	12.50	   441.23	265856720	  0.92	电气设备	北京	 4.56	
="000852"	江钻股份	1.48	19.18	0.28	19.18	19.19	25888	1136	          0.31	          1.99	18.84	19.18	18.60	18.90	    73.99	48858120	  0.75	化工机械	湖北	 3.07	
="000078"	海王生物	1.46	8.35	0.12	8.35	8.36	169793	2102	          0.11	          2.61	8.28	8.50	8.27	8.23	    78.40	142569424	  1.01	生物制药	深圳	 2.79	
="600529"	山东药玻	1.41	10.78	0.15	10.78	10.79	30978	8	          0.27	          1.20	10.63	10.79	10.50	10.63	    20.37	33128868	  0.86	玻璃	山东	 2.73	
="600493"	凤竹纺织	1.40	5.80	0.08	5.79	5.80	24343	20	          0.00	          0.89	5.72	5.81	5.68	5.72	   167.05	14000257	  0.67	纺织	福建	 2.27	
="000597"	东北制药	1.24	8.16	0.10	8.16	8.17	23799	540	          0.49	          0.72	8.04	8.29	8.04	8.06	--  	19465548	  0.94	化学制药	辽宁	 3.10	
="300153"	科泰电源	1.21	10.90	0.13	10.89	10.90	10798	361	          0.18	          0.68	10.71	10.94	10.71	10.77	    85.18	11720148	  0.90	电气设备	上海	 2.14	
="600668"	尖峰集团	1.19	11.09	0.13	11.07	11.08	84667	422	          0.27	          2.46	10.94	11.15	10.81	10.96	    20.17	92968040	  0.63	水泥	浙江	 3.10	
="002341"	新纶科技	1.17	18.10	0.21	18.08	18.10	23535	339	          0.77	          1.53	17.92	18.19	17.62	17.89	    54.05	42205648	  1.07	化工原料	深圳	 3.19	
="002365"	永安药业	1.11	10.05	0.11	10.04	10.05	19578	143	          0.09	          1.65	9.98	10.06	9.96	9.94	    56.77	19604058	  0.70	生物制药	湖北	 1.01	
="002228"	合兴包装	1.09	7.42	0.08	7.40	7.42	23133	390	          0.54	          0.67	7.31	7.42	7.19	7.34	    29.05	16882846	  0.98	广告包装	福建	 3.13	
="002438"	江苏神通	0.99	16.25	0.16	16.24	16.25	37757	638	          0.12	          3.10	16.10	16.28	15.93	16.09	    51.29	60866892	  0.49	机械基件	江苏	 2.18	
="300086"	康芝药业	0.96	16.89	0.16	16.85	16.89	27270	164	          0.95	          3.86	16.61	17.42	16.61	16.73	   124.32	46327812	  0.50	化学制药	海南	 4.84	
="600992"	贵绳股份	0.95	7.45	0.07	7.44	7.45	14513	109	          0.53	          0.88	7.39	7.55	7.38	7.38	    93.10	10824691	  0.57	钢加工	贵州	 2.30	
="000912"	泸 天 化	0.93	5.44	0.05	5.43	5.44	57869	437	          0.00	          2.17	5.36	5.47	5.35	5.39	--  	31339014	  0.75	农药化肥	四川	 2.23	
="000038"	深大通	0.82	13.57	0.11	13.52	13.57	4044	23	          0.07	          1.63	13.47	13.70	13.47	13.46	--  	5473594	  0.54	区域地产	深圳	 1.71	
="002283"	天润曲轴	0.80	6.30	0.05	6.30	6.31	45054	1445	          0.15	          0.81	6.25	6.32	6.22	6.25	    34.82	28275324	  0.95	汽车配件	山东	 1.60	
="002569"	步森股份	0.72	12.65	0.09	12.65	12.66	62944	1355	          0.39	         14.30	12.30	12.89	12.08	12.56	    98.28	78195968	  1.27	服饰	浙江	 6.45	
="002282"	博深工具	0.64	9.39	0.06	9.39	9.40	63123	498	          0.53	          5.53	9.24	9.68	9.14	9.33	    44.66	59394436	  0.47	轻工机械	河北	 5.79	
="002083"	孚日股份	0.64	4.72	0.03	4.71	4.72	65762	2042	          0.21	          0.80	4.70	4.77	4.68	4.69	    24.49	31053364	  0.72	纺织	山东	 1.92	
="002513"	蓝丰生化	0.57	10.63	0.06	10.62	10.63	19254	241	          0.18	          0.90	10.57	10.64	10.43	10.57	   107.36	20317412	  0.57	农药化肥	江苏	 1.99	
="002682"	龙洲股份	0.50	8.00	0.04	7.99	8.00	27820	610	          0.12	          1.99	7.93	8.05	7.90	7.96	    15.51	22217684	  1.21	公路	福建	 1.88	
="000055"	方大集团	0.47	6.39	0.03	6.38	6.39	57956	563	          0.00	          1.38	6.38	6.44	6.33	6.36	    56.45	37007640	  0.55	其他建材	深圳	 1.73	
="000913"	钱江摩托	0.34	5.87	0.02	5.86	5.87	24776	340	          0.00	          0.55	5.82	5.92	5.81	5.85	    66.91	14525608	  0.72	摩托车	浙江	 1.88	
="300169"	天晟新材	0.25	8.09	0.02	8.09	8.10	40642	133	          0.00	          2.87	8.23	8.30	8.03	8.07	--  	33002950	  0.87	塑料	江苏	 3.35	
="600182"	S佳通	0.22	13.50	0.03	13.50	13.51	26036	203	          0.07	          1.53	13.50	13.58	13.33	13.47	    16.89	34971024	  1.01	汽车配件	黑龙江	 1.86	
="002298"	鑫龙电器	0.21	9.37	0.02	9.36	9.37	239200	4787	         -0.31	          7.05	9.53	9.72	9.36	9.35	    39.68	228001152	  0.81	电气设备	安徽	 3.85	
="000782"	美达股份	0.20	4.91	0.01	4.90	4.91	17272	61	          0.00	          0.49	4.90	4.95	4.86	4.90	   190.13	8460766	  0.54	化纤	广东	 1.84	
="002509"	天广消防	0.19	10.47	0.02	10.47	10.48	38728	1062	          0.28	          1.68	10.34	10.54	10.29	10.45	    45.99	40325976	  0.87	专用机械	福建	 2.39	
="002066"	瑞泰科技	0.18	5.45	0.01	5.44	5.45	39804	758	          0.18	          1.73	5.44	5.50	5.35	5.44	--  	21585236	  0.97	其他建材	北京	 2.76	
="600552"	方兴科技	0.13	23.61	0.03	23.57	23.63	10066	54	          0.16	          0.57	23.58	23.80	23.20	23.58	    39.02	23707624	  0.61	玻璃	安徽	 2.54	
="000529"	广弘控股	0.12	8.14	0.01	8.14	8.15	117074	884	          0.00	          2.06	8.09	8.33	8.03	8.13	    59.62	95672280	  0.76	食品	广东	 3.69	
="600343"	航天动力	0.12	17.00	0.02	16.98	17.00	70470	8	         -0.17	          2.94	16.99	17.50	16.79	16.98	    73.75	120361376	  0.60	航空航天	陕西	 4.18	
="600861"	北京城乡	0.11	9.40	0.01	9.39	9.40	36253	6	          0.10	          1.14	9.40	9.47	9.20	9.39	    32.01	33943348	  0.50	百货	北京	 2.88	
="601098"	中南传媒	0.07	14.26	0.01	14.26	14.28	120907	300	          0.21	          0.67	14.33	14.42	14.09	14.25	    26.83	172265520	  0.70	出版业	湖南	 2.32	
="600973"	宝胜股份	0.00	8.52	0.00	8.51	8.52	29901	17	          0.59	          0.73	8.48	8.61	8.38	8.52	    33.78	25365300	  0.47	电气设备	江苏	 2.70	
="600452"	涪陵电力	0.00	11.44	0.00	11.42	11.43	13710	1022	         -0.26	          0.86	11.42	11.59	11.35	11.44	    33.80	15672209	  0.75	火力发电	重庆	 2.10	
="600378"	天科股份	0.00	12.93	0.00	12.92	12.93	36034	1	          0.31	          1.21	12.90	12.98	12.61	12.93	    51.49	46085504	  0.69	化工原料	四川	 2.86	
="300138"	晨光生物	0.00	9.44	0.00	9.43	9.45	26411	196	         -0.21	          2.34	9.41	9.57	9.37	9.44	   161.53	24975048	  0.53	食品	河北	 2.12	
="300135"	宝利沥青	--  	0.00	--  	--  	--  	0	0	--  	          0.00	--  	--  	--  	7.45	    35.73	0	  0.00	化工原料	江苏	 0.00	
="002633"	申科股份	--  	0.00	--  	--  	--  	0	0	--  	          0.00	--  	--  	--  	9.29	--  	0	  0.00	机械基件	浙江	 0.00	
="002407"	多氟多	--  	0.00	--  	--  	--  	0	0	--  	          0.00	--  	--  	--  	16.30	   275.27	0	  0.00	化工原料	河南	 0.00	
="002335"	科华恒盛	--  	0.00	--  	--  	--  	0	0	--  	          0.00	--  	--  	--  	17.88	    37.54	0	  0.00	电气设备	福建	 0.00	
="002290"	禾盛新材	--  	0.00	--  	--  	--  	0	0	--  	          0.00	--  	--  	--  	10.50	    73.72	0	  0.00	家用电器	江苏	 0.00	
="002088"	鲁阳股份	--  	0.00	--  	--  	--  	0	0	--  	          0.00	--  	--  	--  	8.83	    27.84	0	  0.00	矿物制品	山东	 0.00	
="002039"	黔源电力	--  	0.00	--  	--  	--  	0	0	--  	          0.00	--  	--  	--  	11.91	--  	0	  0.00	水力发电	贵州	 0.00	
="000982"	中银绒业	--  	0.00	--  	--  	--  	0	0	--  	          0.00	--  	--  	--  	9.79	    26.21	0	  0.00	纺织	宁夏	 0.00	
="000421"	南京中北	--  	0.00	--  	--  	--  	0	0	--  	          0.00	--  	--  	--  	4.67	    24.70	0	  0.00	公共交通	江苏	 0.00	
="002630"	华西能源	-0.09	31.92	-0.03	31.91	31.92	15024	280	          0.00	          1.56	31.67	32.46	31.50	31.95	    49.79	47911224	  0.38	专用机械	四川	 3.00	
="002678"	珠江钢琴	-0.11	8.98	-0.01	8.97	8.98	71199	598	          0.00	          4.69	9.03	9.29	8.89	8.99	    43.70	64903884	  0.94	文教休闲	广东	 4.45	
="002491"	通鼎光电	-0.13	15.88	-0.02	15.88	15.89	18356	29	          0.25	          0.73	15.81	16.10	15.80	15.90	    20.01	29239336	  0.75	通信设备	江苏	 1.89	
="002563"	森马服饰	-0.16	31.75	-0.05	31.51	31.75	3881	293	          0.69	          0.07	31.77	31.79	31.15	31.80	    23.58	12231962	  0.36	服饰	浙江	 2.01	
="300174"	元力股份	-0.17	11.67	-0.02	11.67	11.68	18149	626	          0.00	          2.77	11.65	11.88	11.55	11.69	   293.04	21259232	  1.01	化工原料	福建	 2.82	
="600558"	大西洋	-0.24	8.44	-0.02	8.41	8.45	10914	19	          0.47	          0.53	8.46	8.52	8.38	8.46	    64.94	9206754	  0.56	钢加工	四川	 1.65	
="600960"	渤海活塞	-0.24	8.25	-0.02	8.24	8.25	10580	180	         -0.36	          0.50	8.27	8.35	8.23	8.27	    31.20	8747741	  0.45	汽车配件	山东	 1.45	
="002597"	金禾实业	-0.29	10.46	-0.03	10.46	10.47	19969	226	         -0.19	          1.78	10.44	10.52	10.33	10.49	    19.88	20818024	  0.77	化工原料	安徽	 1.81	
="002530"	丰东股份	-0.31	6.47	-0.02	6.47	6.48	18960	475	          0.00	          0.71	6.49	6.55	6.42	6.49	    40.27	12272954	  0.69	专用机械	江苏	 2.00	
="002060"	粤 水 电	-0.37	5.34	-0.02	5.34	5.35	114116	2224	          0.37	          1.90	5.30	5.35	5.23	5.36	    51.60	60345416	  0.67	建筑施工	广东	 2.24	
="002265"	*ST西仪	-0.50	7.89	-0.04	7.89	7.90	12458	204	          0.12	          0.44	7.82	7.95	7.77	7.93	   391.86	9802236	  0.46	汽车配件	云南	 2.27	
="002367"	康力电梯	-0.55	16.15	-0.09	16.15	16.16	33415	475	         -0.06	          1.50	16.23	16.34	15.95	16.24	    21.49	53846776	  0.40	运输设备	江苏	 2.40	
="600370"	三房巷	-0.59	5.08	-0.03	5.08	5.09	13722	139	         -0.19	          0.43	5.10	5.11	5.06	5.11	    65.21	6978322	  0.70	纺织	江苏	 0.98	
="002621"	大连三垒	-0.59	15.16	-0.09	15.16	15.20	9173	153	         -0.39	          2.45	15.25	15.35	15.15	15.25	    35.41	13965461	  0.50	专用机械	辽宁	 1.31	
="000823"	超声电子	-0.63	10.96	-0.07	10.96	10.97	117892	806	         -0.09	          2.68	11.12	11.31	10.83	11.03	    41.29	130263504	  0.73	元器件	广东	 4.35	
="000948"	南天信息	-0.71	9.73	-0.07	9.73	9.74	83769	1646	          0.62	          3.62	9.70	9.85	9.53	9.80	   253.17	81143872	  0.61	软件服务	云南	 3.27	
="300261"	雅本化学	-0.73	12.32	-0.09	12.31	12.32	8757	113	          0.16	          1.40	12.30	12.60	12.27	12.41	    67.20	10865327	  0.79	农药化肥	江苏	 2.66	
="000725"	京东方Ａ	-0.85	2.32	-0.02	2.31	2.32	819467	5830	          0.43	          0.71	2.33	2.34	2.31	2.34	    17.31	190278240	  0.64	元器件	北京	 1.28	
="600097"	开创国际	-0.88	12.43	-0.11	12.40	12.44	21004	205	          0.08	          1.82	12.55	12.60	12.30	12.54	    19.06	26039686	  0.85	渔业	上海	 2.39	
="000584"	友利控股	-0.95	11.48	-0.11	11.48	11.49	37115	525	          0.00	          0.91	11.54	11.65	11.43	11.59	    11.84	42773984	  0.80	化纤	四川	 1.90	
="002295"	精艺股份	-0.99	6.99	-0.07	6.98	6.99	33707	505	          0.00	          1.86	7.05	7.05	6.86	7.06	   413.85	23410182	  0.62	铜	广东	 2.69	
="000600"	建投能源	-1.05	5.68	-0.06	5.67	5.68	167628	1705	          0.17	          1.83	5.69	5.74	5.56	5.74	     7.65	94487488	  0.60	火力发电	河北	 3.14	
="000100"	TCL 集团	-1.11	2.67	-0.03	2.66	2.67	1448994	16750	          0.37	          1.78	2.70	2.71	2.65	2.70	    10.80	386958528	  0.86	家用电器	广东	 2.22	
="002025"	航天电器	-1.11	15.13	-0.17	15.12	15.13	66737	1063	         -0.13	          2.02	15.34	15.56	15.11	15.30	    28.85	102446680	  0.61	元器件	贵州	 2.94	
="002040"	南 京 港	-1.12	6.18	-0.07	6.17	6.18	11825	20	         -0.16	          0.48	6.26	6.30	6.14	6.25	    50.95	7360723	  0.61	港口	江苏	 2.56	
="002409"	雅克科技	-1.18	18.44	-0.22	18.40	18.44	11093	42	          0.32	          1.34	18.50	18.90	18.29	18.66	    38.98	20470398	  0.42	化工原料	江苏	 3.27	
="000023"	深天地Ａ	-1.25	9.48	-0.12	9.48	9.49	10047	181	          0.10	          0.72	9.63	9.63	9.31	9.60	    74.40	9499220	  0.71	建筑施工	深圳	 3.33	
="002685"	华东重机	-1.27	10.13	-0.13	10.13	10.14	85192	800	         -0.09	          8.56	10.21	10.67	10.05	10.26	    91.76	87735040	  2.54	工程机械	江苏	 6.04	
="002583"	海能达	-1.27	29.50	-0.38	29.50	29.55	15271	238	          0.06	          1.52	29.98	30.29	29.35	29.88	   322.88	45260472	  0.51	通信设备	深圳	 3.15	
="002457"	青龙管业	-1.30	9.13	-0.12	9.13	9.14	92059	999	          0.10	          4.86	9.24	9.25	9.01	9.25	    29.73	83734440	  0.74	塑料	宁夏	 2.59	
="000546"	光华控股	-1.39	6.40	-0.09	6.40	6.41	38787	392	          0.00	          2.65	6.50	6.50	6.30	6.49	    52.63	24723904	  0.84	区域地产	吉林	 3.08	
="600727"	鲁北化工	-1.47	4.69	-0.07	4.68	4.69	46158	11	          0.00	          1.32	4.75	4.76	4.65	4.76	   116.17	21744522	  0.65	农药化肥	山东	 2.31	
="002130"	沃尔核材	-1.59	8.66	-0.14	8.66	8.67	219214	2708	          0.00	          6.33	8.69	8.79	8.51	8.80	    59.48	188776592	  0.59	电气设备	深圳	 3.18	
="002343"	禾欣股份	-1.63	9.07	-0.15	9.07	9.08	27257	595	         -0.32	          2.21	9.50	9.50	9.05	9.22	    29.78	25038422	  1.06	塑料	浙江	 4.88	
="002552"	宝鼎重工	-1.74	12.97	-0.23	12.95	12.97	28077	263	          0.54	          3.34	13.20	13.40	12.80	13.20	   157.30	36706992	  0.79	机械基件	浙江	 4.55	
="600688"	上海石化	-1.84	3.74	-0.07	3.73	3.74	569920	5	         -0.26	          3.52	3.80	3.86	3.73	3.81	    30.17	214998944	  0.57	石油加工	上海	 3.41	
="000887"	中鼎股份	-1.98	8.43	-0.17	8.43	8.46	123613	2516	         -0.47	          1.15	8.59	8.64	8.39	8.60	    19.26	104706736	  0.85	橡胶	安徽	 2.91	
="002243"	通产丽星	-2.16	7.70	-0.17	7.69	7.70	165420	2432	          0.26	          6.58	7.80	7.96	7.66	7.87	    46.01	128789168	  1.53	塑料	深圳	 3.81	
="002512"	达华智能	-2.20	15.53	-0.35	15.53	15.54	47492	788	          0.00	          2.91	15.98	16.02	15.50	15.88	   111.41	74840472	  1.01	元器件	广东	 3.27	
="002347"	泰尔重工	-2.21	8.83	-0.20	8.83	8.84	42850	999	         -0.45	          4.56	8.98	9.02	8.80	9.03	    59.81	38043628	  0.48	机械基件	安徽	 2.44	
="601798"	蓝科高新	-2.29	11.95	-0.28	11.95	11.96	26212	108	         -0.16	          2.05	12.26	12.28	11.85	12.23	    49.64	31529700	  0.80	化工机械	甘肃	 3.52	
="600346"	大橡塑	-2.38	8.60	-0.21	8.60	8.61	67264	15	          0.11	          3.20	8.72	9.00	8.57	8.81	   268.90	58968680	  0.99	化工机械	辽宁	 4.88	
="000809"	铁岭新城	-2.44	11.60	-0.29	11.60	11.62	25422	573	         -0.34	          0.70	11.89	12.25	11.50	11.89	    57.57	30168688	  0.88	区域地产	辽宁	 6.31	
="600517"	置信电气	-2.45	19.08	-0.48	19.08	19.10	44982	4	          0.47	          0.73	19.70	19.92	18.93	19.56	   114.11	87052800	  1.15	电气设备	上海	 5.06	
="600742"	一汽富维	-2.47	18.54	-0.47	18.53	18.54	46741	13	          0.05	          2.21	18.92	19.08	18.20	19.01	    10.28	87036080	  1.53	汽车配件	吉林	 4.63	
="002387"	黑牛食品	-2.56	9.51	-0.25	9.51	9.53	41638	958	         -0.20	          2.17	9.76	9.85	9.45	9.76	   997.89	39891740	  1.30	软饮料	广东	 4.10	
="600879"	航天电子	-2.94	10.57	-0.32	10.57	10.59	259464	5	          0.37	          2.50	10.93	10.93	10.40	10.89	    47.71	274329760	  0.66	航空航天	湖北	 4.87	
="002286"	保龄宝	-3.27	18.05	-0.61	18.01	18.05	21834	510	          0.27	          3.04	18.84	18.85	17.81	18.66	    64.71	39795732	  1.49	食品	山东	 5.57	
="002550"	千红制药	-3.35	37.49	-1.30	37.49	37.50	34562	349	         -0.29	          3.37	38.83	39.55	37.47	38.79	    32.07	132362968	  2.18	生物制药	江苏	 5.36	
="002659"	中泰桥梁	-4.35	5.72	-0.26	5.72	5.73	98789	1919	          0.52	          6.79	5.94	5.97	5.69	5.98	   323.97	57062772	  0.58	建筑施工	江苏	 4.68	
="000705"	浙江震元	-5.99	17.10	-1.09	17.10	17.11	93917	481	         -0.05	          6.89	17.55	17.73	16.96	18.19	    43.04	161790192	  1.97	医药连锁	浙江	 4.23	
数据来源:通达信
